# unix_time, cycles_done, cur_path, paths_total, pending_total, pending_favs, map_size, unique_crashes, unique_hangs, max_depth, execs_per_sec
1609582573, 0, 0, 1, 1, 1, 3.68%, 0, 0, 1, 205.13
1609582578, 0, 0, 3, 3, 1, 3.74%, 0, 0, 2, 220.77
1609582583, 0, 0, 6, 6, 1, 3.74%, 0, 0, 2, 224.22
1609582608, 0, 0, 7, 7, 1, 3.99%, 0, 0, 2, 223.42
1609582619, 0, 0, 8, 8, 1, 4.05%, 0, 0, 2, 224.97
1609582624, 0, 0, 9, 9, 1, 4.80%, 0, 0, 2, 224.01
1609582634, 0, 0, 10, 10, 1, 4.83%, 0, 0, 2, 225.92
1609582639, 0, 0, 12, 12, 1, 4.88%, 0, 0, 2, 224.99
1609582649, 0, 0, 13, 13, 1, 4.92%, 0, 0, 2, 224.78
1609582680, 0, 0, 14, 14, 1, 4.92%, 0, 0, 2, 224.83
1609582685, 0, 0, 15, 15, 1, 4.94%, 0, 0, 2, 225.44
1609582700, 0, 0, 16, 16, 1, 4.98%, 0, 0, 2, 224.71
1609582705, 0, 0, 17, 17, 1, 5.01%, 0, 0, 2, 225.66
1609582730, 0, 2, 17, 16, 12, 5.01%, 0, 0, 2, 224.67
1609582735, 0, 2, 18, 17, 12, 5.06%, 0, 0, 3, 224.61
1609582740, 0, 2, 19, 18, 12, 5.06%, 0, 0, 3, 223.52
1609582751, 0, 2, 20, 19, 12, 5.06%, 0, 0, 3, 222.70
1609582756, 0, 2, 21, 20, 12, 5.06%, 0, 0, 3, 224.21
1609582766, 0, 2, 22, 21, 12, 5.06%, 0, 0, 3, 224.46
1609582791, 0, 2, 23, 22, 12, 5.07%, 0, 0, 3, 223.47
1609582811, 0, 2, 24, 23, 12, 5.10%, 0, 0, 3, 219.96
1609582817, 0, 2, 25, 24, 12, 5.11%, 0, 0, 3, 216.86
1609582822, 0, 2, 26, 25, 12, 5.11%, 0, 0, 3, 222.61
1609582832, 0, 2, 27, 26, 12, 5.16%, 0, 0, 3, 224.65
1609582837, 0, 2, 28, 27, 12, 5.17%, 0, 0, 3, 222.86
1609582847, 0, 2, 30, 29, 12, 6.27%, 0, 0, 3, 223.80
1609582877, 0, 2, 32, 31, 12, 6.28%, 0, 0, 3, 225.28
1609582883, 0, 3, 33, 31, 21, 6.28%, 0, 0, 3, 224.40
1609582893, 0, 6, 46, 43, 20, 6.34%, 0, 0, 3, 262.21
1609582898, 0, 6, 61, 58, 20, 7.32%, 0, 0, 3, 232.93
1609582903, 0, 6, 67, 64, 20, 7.36%, 0, 0, 3, 233.58
1609582908, 0, 6, 70, 67, 20, 7.37%, 0, 0, 3, 232.71
1609582913, 0, 6, 73, 70, 20, 7.48%, 0, 0, 3, 230.30
1609582918, 0, 6, 77, 74, 20, 7.50%, 0, 0, 3, 200.42
1609582923, 0, 6, 80, 77, 20, 7.50%, 0, 0, 3, 188.85
1609582928, 0, 6, 83, 80, 20, 7.69%, 0, 0, 3, 202.33
1609582933, 0, 6, 85, 82, 20, 7.69%, 0, 1, 3, 226.60
1609582939, 0, 6, 90, 87, 20, 7.70%, 0, 1, 3, 235.82
1609582949, 0, 6, 95, 92, 20, 7.70%, 0, 1, 3, 236.67
1609582954, 0, 6, 96, 93, 20, 7.70%, 0, 1, 3, 237.93
1609582964, 0, 6, 100, 97, 20, 7.71%, 0, 1, 3, 236.52
1609582970, 0, 6, 102, 99, 20, 7.77%, 0, 1, 3, 233.65
1609582975, 0, 6, 104, 101, 20, 7.77%, 0, 1, 3, 233.48
1609582980, 0, 6, 106, 103, 20, 7.80%, 0, 1, 3, 231.95
1609582985, 0, 6, 111, 108, 20, 7.85%, 0, 1, 3, 232.84
1609582990, 0, 6, 114, 111, 20, 7.86%, 0, 1, 3, 228.79
1609583001, 0, 6, 115, 112, 20, 7.86%, 0, 1, 3, 229.87
1609583006, 0, 6, 118, 115, 20, 7.86%, 0, 1, 3, 225.76
1609583016, 0, 6, 119, 116, 20, 7.86%, 0, 1, 3, 229.72
1609583021, 0, 6, 120, 117, 20, 7.86%, 0, 1, 3, 231.99
1609583026, 0, 6, 122, 119, 20, 7.88%, 0, 1, 3, 230.05
1609583032, 0, 6, 123, 120, 20, 7.96%, 0, 1, 3, 230.52
1609583037, 0, 6, 125, 122, 20, 7.96%, 0, 1, 3, 225.47
1609583042, 0, 7, 130, 126, 55, 7.96%, 0, 1, 3, 243.33
1609583057, 0, 7, 131, 127, 55, 7.97%, 0, 1, 3, 284.91
1609583067, 0, 8, 140, 135, 56, 7.99%, 0, 1, 3, 176.29
1609583072, 0, 8, 141, 136, 56, 7.99%, 0, 1, 3, 162.73
1609583078, 0, 8, 149, 144, 56, 8.00%, 0, 1, 3, 194.75
1609583133, 0, 8, 151, 146, 56, 8.03%, 0, 1, 3, 180.99
1609583174, 0, 8, 152, 147, 56, 8.08%, 0, 1, 3, 194.46
1609583179, 0, 8, 153, 148, 56, 8.09%, 0, 1, 3, 199.36
1609583205, 0, 8, 154, 149, 56, 8.09%, 0, 1, 3, 193.37
1609583220, 0, 8, 155, 150, 56, 8.09%, 0, 1, 3, 194.68
1609583246, 0, 9, 155, 149, 65, 8.09%, 0, 1, 3, 229.59
1609583251, 0, 9, 157, 151, 65, 8.09%, 0, 1, 3, 235.93
1609583256, 0, 9, 159, 153, 65, 8.09%, 0, 1, 3, 233.20
1609583282, 0, 9, 160, 154, 65, 8.13%, 0, 1, 3, 227.58
1609583307, 0, 9, 161, 155, 65, 8.13%, 0, 1, 3, 228.14
1609583327, 0, 9, 162, 156, 65, 8.54%, 0, 1, 3, 213.65
1609583332, 0, 9, 164, 158, 65, 8.54%, 0, 1, 3, 224.16
1609583343, 0, 9, 165, 159, 65, 8.54%, 0, 1, 3, 227.98
1609583393, 0, 11, 165, 158, 69, 8.54%, 0, 1, 3, 226.87
1609583403, 0, 14, 165, 157, 68, 8.54%, 0, 1, 3, 225.77
1609583408, 0, 14, 167, 159, 68, 8.56%, 0, 1, 3, 231.49
1609583418, 0, 15, 167, 158, 69, 8.56%, 0, 1, 3, 273.09
1609583423, 0, 15, 172, 163, 69, 8.57%, 0, 1, 3, 243.27
1609583433, 0, 15, 174, 165, 69, 8.58%, 0, 1, 3, 233.33
1609583470, 0, 15, 175, 166, 69, 8.58%, 0, 1, 3, 231.90
1609583490, 0, 15, 176, 167, 69, 8.59%, 0, 1, 3, 230.43
1609583495, 0, 15, 177, 168, 69, 8.60%, 0, 1, 3, 228.10
1609583506, 0, 15, 178, 169, 69, 8.60%, 0, 1, 3, 227.60
1609583532, 0, 15, 179, 170, 69, 8.83%, 0, 1, 3, 232.21
1609583537, 0, 15, 180, 171, 69, 8.83%, 0, 1, 3, 233.87
1609583563, 0, 17, 180, 170, 71, 8.83%, 0, 1, 3, 244.19
1609583573, 0, 18, 180, 169, 70, 8.83%, 0, 1, 3, 229.94
1609583578, 0, 22, 180, 168, 69, 8.83%, 0, 1, 3, 227.08
1609583583, 0, 23, 181, 168, 68, 8.84%, 0, 1, 4, 231.97
1609583588, 0, 23, 182, 169, 68, 8.85%, 0, 1, 4, 241.63
1609583593, 0, 23, 183, 170, 68, 8.85%, 0, 1, 4, 231.93
1609583598, 0, 26, 188, 174, 70, 8.88%, 0, 1, 4, 262.43
1609583603, 0, 26, 189, 175, 70, 8.88%, 0, 1, 4, 281.63
1609583609, 0, 26, 202, 188, 70, 9.04%, 0, 1, 4, 243.42
1609583614, 0, 26, 210, 196, 70, 9.08%, 0, 1, 4, 241.64
1609583619, 0, 26, 214, 200, 70, 9.08%, 0, 1, 4, 237.17
1609583624, 0, 26, 216, 202, 70, 9.08%, 0, 1, 4, 237.89
1609583629, 0, 26, 221, 207, 70, 9.08%, 0, 1, 4, 238.68
1609583634, 0, 26, 225, 211, 70, 9.09%, 0, 1, 4, 238.28
1609583639, 0, 26, 227, 213, 70, 9.09%, 0, 1, 4, 237.90
1609583645, 0, 26, 229, 215, 70, 9.14%, 0, 1, 4, 235.46
1609583650, 0, 26, 232, 218, 70, 9.15%, 0, 1, 4, 237.46
1609583655, 0, 26, 235, 221, 70, 9.15%, 0, 1, 4, 237.57
1609583660, 0, 26, 237, 223, 70, 9.16%, 0, 1, 4, 236.83
1609583665, 0, 26, 239, 225, 70, 9.16%, 0, 1, 4, 236.51
1609583670, 0, 26, 240, 226, 70, 9.16%, 0, 1, 4, 239.03
1609583676, 0, 26, 241, 227, 70, 9.16%, 0, 1, 4, 238.23
1609583681, 0, 26, 245, 231, 70, 9.17%, 0, 1, 4, 237.36
1609583686, 0, 26, 246, 232, 70, 9.17%, 0, 1, 4, 238.59
1609583696, 0, 26, 249, 235, 70, 9.20%, 0, 1, 4, 235.13
1609583701, 0, 26, 253, 239, 70, 9.22%, 0, 1, 4, 233.03
1609583706, 0, 26, 256, 242, 70, 9.23%, 0, 1, 4, 235.32
1609583712, 0, 26, 257, 243, 70, 9.23%, 0, 1, 4, 234.81
1609583722, 0, 26, 258, 244, 70, 9.23%, 0, 1, 4, 235.39
1609583737, 0, 26, 259, 245, 70, 9.23%, 0, 1, 4, 236.30
1609583743, 0, 26, 260, 246, 70, 9.23%, 0, 1, 4, 236.39
1609583748, 0, 27, 260, 245, 95, 9.23%, 0, 1, 4, 233.13
1609583753, 0, 29, 260, 244, 94, 9.23%, 0, 1, 4, 226.12
1609583758, 0, 29, 265, 249, 94, 9.26%, 0, 1, 4, 222.25
1609583763, 0, 29, 269, 253, 94, 9.27%, 0, 1, 4, 220.53
1609583768, 0, 29, 271, 255, 94, 9.27%, 0, 1, 4, 222.40
1609583773, 0, 29, 272, 256, 94, 9.27%, 0, 1, 4, 222.50
1609583788, 0, 29, 275, 259, 94, 9.27%, 0, 1, 4, 221.93
1609583804, 0, 29, 276, 260, 94, 9.28%, 0, 1, 4, 221.33
1609583809, 0, 29, 277, 261, 94, 9.28%, 0, 1, 4, 223.09
1609583814, 0, 29, 279, 263, 94, 9.28%, 0, 1, 4, 221.79
1609583844, 0, 29, 281, 265, 94, 9.28%, 0, 1, 4, 221.74
1609583870, 0, 29, 282, 266, 94, 9.28%, 0, 1, 4, 222.39
1609583880, 0, 29, 283, 267, 94, 9.28%, 0, 1, 4, 222.98
1609583890, 0, 29, 284, 268, 94, 9.29%, 0, 1, 4, 223.35
1609583895, 0, 29, 285, 269, 94, 9.29%, 0, 1, 4, 222.91
1609583900, 0, 32, 286, 269, 104, 9.29%, 0, 1, 4, 223.43
1609583905, 0, 32, 287, 270, 104, 9.30%, 0, 1, 4, 225.21
1609583910, 0, 54, 291, 273, 105, 9.30%, 0, 1, 4, 237.67
1609583916, 0, 54, 297, 279, 105, 9.32%, 0, 1, 4, 246.79
1609583921, 0, 54, 300, 282, 105, 9.32%, 0, 2, 4, 152.24
1609583926, 0, 54, 302, 284, 105, 9.32%, 0, 3, 4, 236.01
1609583931, 0, 54, 303, 285, 105, 9.32%, 0, 4, 4, 11.85
1609583937, 0, 54, 304, 286, 105, 9.32%, 0, 4, 4, 232.71
1609583942, 0, 54, 306, 288, 105, 9.33%, 0, 5, 4, 235.74
1609583953, 0, 54, 307, 289, 105, 9.33%, 0, 6, 4, 18.62
1609583958, 0, 54, 308, 290, 105, 9.33%, 0, 6, 4, 235.62
1609583963, 0, 54, 309, 291, 105, 9.33%, 0, 6, 4, 230.05
1609583968, 0, 54, 313, 295, 105, 9.35%, 0, 6, 4, 230.95
1609583973, 0, 54, 314, 296, 105, 9.35%, 0, 6, 4, 236.76
1609583983, 0, 54, 315, 297, 105, 9.35%, 0, 6, 4, 236.15
1609583988, 0, 54, 317, 299, 105, 9.36%, 0, 6, 4, 231.39
1609583994, 0, 54, 318, 300, 105, 9.36%, 0, 6, 4, 235.89
1609583999, 0, 54, 319, 301, 105, 9.36%, 0, 6, 4, 232.12
1609584004, 0, 54, 320, 302, 105, 9.36%, 0, 6, 4, 231.97
1609584009, 0, 54, 322, 304, 105, 9.36%, 0, 6, 4, 230.10
1609584014, 0, 54, 323, 305, 105, 9.36%, 0, 6, 4, 233.80
1609584019, 0, 54, 324, 306, 105, 9.36%, 0, 6, 4, 236.25
1609584024, 0, 54, 328, 310, 105, 9.36%, 0, 6, 4, 230.23
1609584040, 0, 54, 328, 310, 105, 9.36%, 0, 7, 4, 235.38
1609584045, 0, 54, 330, 312, 105, 9.38%, 0, 7, 4, 234.63
1609584050, 0, 54, 331, 313, 105, 9.38%, 0, 7, 4, 229.94
1609584055, 0, 54, 332, 314, 105, 9.38%, 0, 7, 4, 232.65
1609584060, 0, 54, 333, 315, 105, 9.38%, 0, 7, 4, 232.13
1609584066, 0, 56, 355, 336, 114, 9.44%, 0, 7, 4, 159.68
1609584071, 0, 56, 361, 342, 114, 9.44%, 0, 7, 4, 134.90
1609584076, 0, 56, 372, 353, 114, 9.45%, 0, 7, 4, 160.98
1609584081, 0, 56, 383, 364, 114, 9.45%, 0, 7, 4, 178.39
1609584086, 0, 56, 388, 369, 114, 9.46%, 0, 8, 4, 182.25
1609584091, 0, 56, 390, 371, 114, 9.46%, 0, 9, 4, 192.38
1609584096, 0, 56, 395, 376, 114, 9.54%, 0, 10, 4, 175.39
1609584101, 0, 56, 400, 381, 114, 9.56%, 0, 10, 4, 181.34
1609584106, 0, 56, 408, 389, 114, 9.56%, 0, 10, 4, 181.47
1609584112, 0, 56, 409, 390, 114, 9.56%, 0, 11, 4, 19.05
1609584117, 0, 56, 412, 393, 114, 9.60%, 0, 11, 4, 197.52
1609584122, 0, 56, 417, 398, 114, 9.60%, 0, 11, 4, 184.93
1609584127, 0, 56, 420, 401, 114, 9.60%, 0, 11, 4, 183.91
1609584132, 0, 56, 420, 401, 114, 9.60%, 0, 12, 4, 196.14
1609584137, 0, 56, 421, 402, 114, 9.60%, 0, 12, 4, 193.33
1609584142, 0, 56, 426, 407, 114, 9.60%, 0, 12, 4, 183.58
1609584147, 0, 56, 427, 408, 114, 9.60%, 0, 12, 4, 190.05
1609584157, 0, 56, 428, 409, 114, 9.60%, 0, 12, 4, 191.74
1609584162, 0, 56, 429, 410, 114, 9.63%, 0, 12, 4, 40.49
1609584168, 0, 56, 430, 411, 114, 9.63%, 0, 12, 4, 199.83
1609584173, 0, 56, 432, 413, 114, 9.64%, 0, 13, 4, 209.79
1609584178, 0, 56, 434, 415, 114, 9.64%, 0, 13, 4, 189.25
1609584184, 0, 56, 435, 416, 114, 9.64%, 0, 14, 4, 9.23
1609584189, 0, 56, 436, 417, 114, 9.64%, 0, 14, 4, 197.07
1609584194, 0, 56, 439, 420, 114, 9.67%, 0, 14, 4, 186.87
1609584199, 0, 56, 442, 423, 114, 9.68%, 0, 14, 4, 189.93
1609584204, 0, 56, 443, 424, 114, 9.68%, 0, 15, 4, 188.50
1609584209, 0, 56, 444, 425, 114, 9.68%, 0, 16, 4, 177.69
1609584220, 0, 56, 446, 427, 114, 9.68%, 0, 16, 4, 190.19
1609584225, 0, 56, 447, 428, 114, 9.68%, 0, 16, 4, 196.54
1609584235, 0, 56, 448, 429, 114, 9.68%, 0, 16, 4, 196.00
1609584245, 0, 56, 449, 430, 114, 9.68%, 0, 16, 4, 196.42
1609584250, 0, 56, 450, 431, 114, 9.68%, 0, 16, 4, 196.79
1609584255, 0, 56, 451, 432, 114, 9.68%, 0, 16, 4, 199.68
1609584260, 0, 59, 454, 434, 138, 9.69%, 0, 16, 4, 180.36
1609584266, 0, 59, 463, 443, 138, 9.69%, 0, 17, 4, 187.09
1609584276, 0, 59, 465, 445, 138, 9.69%, 0, 17, 4, 224.02
1609584281, 0, 59, 469, 449, 138, 9.69%, 0, 18, 4, 219.23
1609584286, 0, 59, 474, 454, 138, 9.69%, 0, 18, 4, 206.48
1609584291, 0, 59, 477, 457, 138, 9.70%, 0, 19, 4, 192.14
1609584296, 0, 59, 482, 462, 138, 9.70%, 0, 19, 4, 220.08
1609584302, 0, 59, 484, 464, 138, 9.78%, 0, 20, 4, 192.28
1609584307, 0, 59, 486, 466, 138, 9.79%, 0, 21, 4, 36.35
1609584312, 0, 59, 489, 469, 138, 9.81%, 0, 21, 4, 207.36
1609584318, 0, 59, 491, 471, 138, 9.81%, 0, 22, 4, 191.11
1609584323, 0, 59, 492, 472, 138, 9.81%, 0, 22, 4, 201.79
1609584328, 0, 59, 496, 476, 138, 9.81%, 0, 22, 4, 198.69
1609584333, 0, 59, 497, 477, 138, 9.81%, 0, 22, 4, 204.61
1609584338, 0, 59, 498, 478, 138, 9.81%, 0, 22, 4, 192.81
1609584343, 0, 59, 499, 479, 138, 9.81%, 0, 22, 4, 192.76
1609584348, 0, 59, 501, 481, 138, 9.81%, 0, 22, 4, 197.29
1609584353, 0, 59, 503, 483, 138, 9.81%, 0, 22, 4, 197.64
1609584358, 0, 59, 504, 484, 138, 9.81%, 0, 22, 4, 202.98
1609584363, 0, 59, 505, 485, 138, 9.83%, 0, 22, 4, 207.51
1609584369, 0, 59, 509, 489, 138, 9.84%, 0, 22, 4, 205.47
1609584374, 0, 59, 510, 490, 138, 9.84%, 0, 22, 4, 200.17
1609584379, 0, 59, 511, 491, 138, 9.84%, 0, 22, 4, 202.51
1609584384, 0, 59, 512, 492, 138, 9.84%, 0, 22, 4, 205.46
1609584389, 0, 59, 513, 493, 138, 9.84%, 0, 22, 4, 213.01
1609584399, 0, 59, 515, 495, 138, 9.84%, 0, 22, 4, 213.09
1609584404, 0, 59, 517, 497, 138, 9.84%, 0, 22, 4, 209.72
1609584409, 0, 59, 518, 498, 138, 9.84%, 0, 22, 4, 209.04
1609584414, 0, 59, 519, 499, 138, 9.85%, 0, 23, 4, 222.51
1609584425, 0, 59, 520, 500, 138, 9.85%, 0, 23, 4, 197.85
1609584430, 0, 59, 521, 501, 138, 9.85%, 0, 23, 4, 196.73
1609584435, 0, 59, 522, 502, 138, 9.85%, 0, 23, 4, 204.77
1609584445, 0, 60, 522, 501, 148, 9.85%, 0, 23, 4, 203.39
1609584460, 0, 63, 522, 500, 147, 9.85%, 0, 23, 4, 262.50
1609584470, 0, 69, 528, 505, 146, 9.85%, 0, 23, 4, 218.09
1609584481, 0, 69, 529, 506, 146, 9.85%, 0, 23, 4, 206.43
1609584486, 0, 69, 533, 510, 146, 9.85%, 0, 23, 4, 207.88
1609584491, 0, 69, 537, 514, 146, 9.85%, 0, 23, 4, 213.98
1609584496, 0, 69, 538, 515, 146, 9.85%, 0, 23, 4, 210.80
1609584501, 0, 69, 540, 517, 146, 9.85%, 0, 23, 4, 216.00
1609584511, 0, 69, 542, 519, 146, 9.86%, 0, 23, 4, 216.15
1609584521, 0, 69, 544, 521, 146, 9.86%, 0, 23, 4, 219.68
1609584526, 0, 69, 547, 524, 146, 9.86%, 0, 23, 4, 218.37
1609584541, 0, 69, 550, 527, 146, 9.86%, 0, 23, 4, 212.90
1609584546, 0, 69, 551, 528, 146, 9.86%, 0, 23, 4, 215.60
1609584561, 0, 69, 553, 530, 146, 9.86%, 0, 23, 4, 212.19
1609584571, 0, 69, 554, 531, 146, 9.86%, 0, 23, 4, 212.56
1609584587, 0, 69, 555, 532, 146, 9.86%, 0, 23, 4, 215.65
1609584592, 0, 69, 556, 533, 146, 9.86%, 0, 23, 4, 215.27
1609584597, 0, 84, 556, 532, 150, 9.86%, 0, 23, 4, 267.53
1609584607, 0, 86, 556, 531, 149, 9.86%, 0, 23, 4, 237.73
1609584617, 0, 87, 556, 530, 148, 9.86%, 0, 23, 4, 261.05
1609584628, 0, 99, 556, 529, 147, 9.86%, 0, 23, 4, 261.86
1609584638, 0, 105, 557, 529, 146, 9.86%, 0, 23, 4, 255.12
1609584648, 0, 105, 559, 531, 146, 9.86%, 0, 23, 4, 226.03
1609584653, 0, 105, 560, 532, 146, 9.86%, 0, 23, 4, 228.07
1609584658, 0, 105, 562, 534, 146, 9.86%, 0, 23, 4, 224.30
1609584689, 0, 105, 564, 536, 146, 9.87%, 0, 23, 4, 230.13
1609584700, 0, 105, 564, 536, 146, 9.87%, 0, 24, 4, 230.10
1609584715, 0, 105, 565, 537, 146, 9.87%, 0, 24, 4, 225.95
1609584720, 0, 105, 565, 537, 146, 9.87%, 0, 25, 4, 232.33
1609584725, 0, 105, 566, 538, 146, 9.87%, 0, 25, 4, 229.58
1609584736, 0, 105, 567, 539, 146, 9.87%, 0, 25, 4, 230.64
1609584751, 0, 105, 569, 541, 146, 9.87%, 0, 25, 4, 213.05
1609584756, 0, 112, 570, 541, 145, 9.87%, 0, 25, 4, 260.64
1609584766, 0, 112, 572, 543, 145, 9.87%, 0, 25, 4, 224.01
1609584777, 0, 112, 574, 545, 145, 9.87%, 0, 25, 4, 231.90
1609584782, 0, 112, 575, 546, 145, 9.87%, 0, 25, 4, 232.31
1609584797, 0, 112, 576, 547, 145, 9.87%, 0, 25, 4, 230.64
1609584808, 0, 112, 577, 548, 145, 9.87%, 0, 25, 4, 229.02
1609584828, 0, 112, 578, 549, 145, 9.87%, 0, 25, 4, 235.43
1609584843, 0, 112, 579, 550, 145, 9.87%, 0, 25, 4, 232.99
1609584854, 0, 112, 580, 551, 145, 9.87%, 0, 25, 4, 231.29
1609584859, 0, 112, 580, 551, 145, 9.87%, 0, 26, 4, 226.63
1609584864, 0, 114, 580, 550, 143, 9.87%, 0, 26, 4, 229.08
1609584869, 0, 114, 581, 551, 143, 9.88%, 0, 26, 4, 248.20
1609584879, 0, 116, 581, 550, 143, 9.88%, 0, 26, 4, 238.02
1609584895, 0, 118, 581, 549, 142, 9.88%, 0, 26, 4, 228.97
1609584905, 0, 121, 581, 548, 141, 9.88%, 0, 26, 4, 224.04
1609584910, 0, 121, 583, 550, 141, 9.88%, 0, 26, 4, 223.73
1609584915, 0, 121, 585, 552, 141, 9.88%, 0, 26, 4, 223.38
1609584920, 0, 121, 586, 553, 141, 9.89%, 0, 26, 4, 223.37
1609584925, 0, 121, 587, 554, 141, 9.89%, 0, 26, 4, 222.02
1609584930, 0, 121, 588, 555, 141, 9.89%, 0, 26, 4, 222.42
1609584956, 0, 121, 589, 556, 141, 9.89%, 0, 26, 4, 221.13
1609584971, 0, 121, 592, 559, 141, 9.89%, 0, 26, 4, 222.74
1609584981, 0, 121, 593, 560, 141, 9.90%, 0, 26, 4, 222.28
1609585006, 0, 121, 595, 562, 141, 9.90%, 0, 26, 4, 222.08
1609585011, 0, 121, 597, 564, 141, 9.90%, 0, 26, 4, 221.36
1609585027, 0, 121, 598, 565, 141, 9.90%, 0, 26, 4, 218.87
1609585042, 0, 121, 599, 566, 141, 9.90%, 0, 26, 4, 217.69
1609585052, 0, 126, 600, 566, 145, 9.90%, 0, 26, 4, 221.63
1609585057, 0, 126, 602, 568, 145, 9.90%, 0, 26, 4, 248.73
1609585067, 0, 128, 603, 568, 144, 9.90%, 0, 26, 4, 262.63
1609585078, 0, 129, 603, 567, 143, 9.90%, 0, 26, 4, 261.01
1609585103, 0, 130, 603, 566, 142, 9.90%, 0, 26, 4, 269.12
1609585129, 0, 132, 603, 565, 141, 9.90%, 0, 26, 4, 176.29
1609585144, 0, 134, 603, 564, 140, 9.90%, 0, 26, 4, 144.69
1609585155, 0, 136, 603, 563, 139, 9.90%, 0, 26, 4, 176.87
1609585170, 0, 140, 603, 562, 138, 9.90%, 0, 26, 4, 180.95
1609585185, 0, 141, 603, 561, 137, 9.90%, 0, 26, 4, 221.12
1609585195, 0, 145, 603, 560, 136, 9.90%, 0, 26, 4, 249.43
1609585216, 0, 148, 603, 559, 135, 9.90%, 0, 26, 4, 221.06
1609585236, 0, 151, 603, 558, 134, 9.90%, 0, 26, 4, 137.36
1609585313, 0, 151, 604, 559, 134, 9.90%, 0, 26, 4, 132.95
1609585369, 0, 151, 606, 561, 134, 9.95%, 0, 26, 4, 123.82
1609585374, 0, 151, 607, 562, 134, 9.95%, 0, 26, 4, 118.38
1609585390, 0, 151, 608, 563, 134, 9.96%, 0, 26, 4, 103.89
1609585405, 0, 151, 609, 564, 134, 9.96%, 0, 26, 4, 113.00
1609585420, 0, 151, 611, 566, 134, 9.96%, 0, 26, 4, 95.14
1609585425, 0, 151, 612, 567, 134, 9.97%, 0, 26, 4, 97.32
1609585430, 0, 151, 613, 568, 134, 9.97%, 0, 26, 4, 116.41
1609585441, 0, 151, 614, 569, 134, 9.97%, 0, 26, 4, 144.75
1609585451, 0, 151, 615, 570, 134, 9.97%, 0, 26, 4, 160.65
1609585466, 0, 151, 616, 571, 134, 9.98%, 0, 26, 4, 123.22
1609585476, 0, 151, 617, 572, 134, 9.98%, 0, 26, 4, 145.23
1609585517, 0, 151, 618, 573, 134, 9.99%, 0, 26, 4, 135.28
1609585538, 0, 151, 619, 574, 134, 9.99%, 0, 26, 4, 142.26
1609585563, 0, 154, 619, 573, 141, 9.99%, 0, 26, 4, 249.53
1609585619, 0, 158, 619, 572, 140, 9.99%, 0, 26, 4, 246.35
1609585629, 0, 161, 620, 572, 139, 9.99%, 0, 26, 4, 222.70
1609585645, 0, 164, 620, 571, 139, 9.99%, 0, 26, 4, 210.96
1609585660, 0, 164, 621, 572, 139, 9.99%, 0, 26, 4, 223.06
1609585670, 0, 164, 622, 573, 139, 10.00%, 0, 26, 4, 198.70
1609585685, 0, 164, 623, 574, 139, 10.12%, 0, 26, 4, 193.56
1609585695, 0, 164, 624, 575, 139, 10.13%, 0, 26, 4, 177.17
1609585706, 0, 164, 625, 576, 139, 10.13%, 0, 26, 4, 220.78
1609585772, 0, 164, 626, 577, 139, 10.14%, 0, 26, 4, 200.71
1609585777, 0, 165, 627, 577, 143, 10.14%, 0, 26, 4, 219.08
1609585782, 0, 165, 629, 579, 143, 10.16%, 0, 26, 4, 222.78
1609585808, 0, 166, 629, 578, 144, 10.16%, 0, 26, 4, 259.24
1609585853, 0, 166, 630, 579, 144, 10.17%, 0, 26, 4, 289.32
1609585869, 0, 167, 630, 578, 144, 10.17%, 0, 26, 4, 179.66
1609585889, 0, 167, 631, 579, 144, 10.20%, 0, 26, 4, 169.16
1609585899, 0, 169, 631, 578, 144, 10.20%, 0, 26, 4, 235.56
1609585919, 0, 170, 631, 577, 143, 10.20%, 0, 26, 4, 200.15
1609585955, 0, 174, 632, 577, 142, 10.21%, 0, 26, 4, 203.89
1609585960, 0, 174, 633, 578, 142, 10.21%, 0, 26, 4, 260.35
1609585981, 0, 174, 635, 580, 142, 10.23%, 0, 26, 4, 228.71
1609585991, 0, 174, 636, 581, 142, 10.23%, 0, 26, 4, 218.92
1609585996, 0, 174, 637, 582, 142, 10.23%, 0, 26, 4, 216.64
1609586011, 0, 174, 638, 583, 142, 10.24%, 0, 26, 4, 229.08
1609586016, 0, 174, 639, 584, 142, 10.24%, 0, 26, 4, 221.35
1609586021, 0, 174, 640, 585, 142, 10.24%, 0, 26, 4, 221.50
1609586031, 0, 174, 642, 587, 142, 10.25%, 0, 26, 4, 219.49
1609586052, 0, 174, 642, 587, 142, 10.25%, 0, 27, 4, 210.63
1609586072, 0, 174, 643, 588, 142, 10.26%, 0, 27, 4, 210.04
1609586093, 0, 175, 643, 587, 147, 10.26%, 0, 27, 4, 259.51
1609586119, 0, 176, 643, 586, 146, 10.26%, 0, 27, 4, 206.62
1609586267, 0, 176, 647, 590, 146, 10.28%, 0, 27, 4, 195.99
1609586272, 0, 176, 650, 593, 146, 10.54%, 0, 27, 4, 192.68
1609586277, 0, 176, 652, 595, 146, 10.54%, 0, 27, 4, 196.86
1609586287, 0, 176, 656, 599, 146, 10.64%, 0, 27, 4, 207.38
1609586292, 0, 176, 657, 600, 146, 10.64%, 0, 27, 4, 191.44
1609586297, 0, 176, 658, 601, 146, 10.64%, 0, 27, 4, 193.64
1609586302, 0, 176, 659, 602, 146, 10.64%, 0, 27, 4, 196.04
1609586322, 0, 176, 661, 604, 146, 10.64%, 0, 27, 4, 206.35
1609586328, 0, 176, 662, 605, 146, 10.64%, 0, 27, 4, 201.28
1609586343, 0, 176, 663, 606, 146, 10.64%, 0, 27, 4, 209.17
1609586348, 0, 176, 664, 607, 146, 10.65%, 0, 27, 4, 208.34
1609586368, 0, 176, 665, 608, 146, 10.66%, 1, 27, 4, 212.41
1609586373, 0, 176, 666, 609, 146, 10.66%, 1, 27, 4, 210.10
1609586384, 0, 176, 667, 610, 146, 10.66%, 1, 27, 4, 202.22
1609586409, 0, 176, 668, 611, 146, 10.67%, 1, 27, 4, 198.07
1609586419, 0, 176, 669, 612, 146, 10.77%, 1, 27, 4, 201.56
1609586430, 0, 178, 687, 629, 150, 10.80%, 1, 27, 4, 233.25
1609586440, 0, 178, 692, 634, 150, 10.80%, 1, 27, 4, 237.50
1609586445, 0, 178, 696, 638, 150, 10.82%, 1, 27, 4, 273.89
1609586450, 0, 178, 697, 639, 150, 10.82%, 1, 27, 4, 237.24
1609586455, 0, 178, 698, 640, 150, 10.82%, 1, 27, 4, 224.03
1609586460, 0, 178, 699, 641, 150, 10.82%, 1, 27, 4, 219.77
1609586465, 0, 178, 701, 643, 150, 10.82%, 1, 27, 4, 223.39
1609586475, 0, 178, 702, 644, 150, 10.82%, 1, 27, 4, 215.29
1609586480, 0, 178, 703, 645, 150, 10.82%, 1, 27, 4, 198.72
1609586485, 0, 178, 705, 647, 150, 10.82%, 1, 27, 4, 215.78
1609586491, 0, 178, 707, 649, 150, 10.82%, 1, 27, 4, 202.61
1609586496, 0, 178, 708, 650, 150, 10.82%, 1, 27, 4, 216.55
1609586501, 0, 178, 709, 651, 150, 10.82%, 1, 27, 4, 217.43
1609586506, 0, 178, 710, 652, 150, 10.82%, 1, 27, 4, 209.58
1609586516, 0, 178, 711, 653, 150, 10.82%, 1, 27, 4, 227.76
1609586521, 0, 178, 713, 655, 150, 10.82%, 1, 27, 4, 220.04
1609586536, 0, 178, 715, 657, 150, 10.82%, 1, 27, 4, 217.06
1609586541, 0, 178, 718, 660, 150, 10.82%, 1, 27, 4, 214.47
1609586552, 0, 178, 720, 662, 150, 10.82%, 1, 27, 4, 225.42
1609586557, 0, 178, 724, 666, 150, 10.82%, 1, 27, 4, 211.96
1609586562, 0, 178, 726, 668, 150, 10.83%, 1, 27, 4, 216.22
1609586577, 0, 178, 727, 669, 150, 10.83%, 1, 27, 4, 225.09
1609586582, 0, 178, 728, 670, 150, 10.83%, 1, 27, 4, 221.55
1609586593, 0, 178, 729, 671, 150, 10.83%, 1, 27, 4, 217.97
1609586598, 0, 179, 729, 670, 158, 10.83%, 1, 27, 4, 219.33
1609586633, 0, 180, 729, 669, 157, 10.83%, 1, 27, 4, 240.15
1609586644, 0, 180, 730, 670, 157, 10.83%, 1, 27, 5, 231.43
1609586649, 0, 180, 731, 671, 157, 10.83%, 1, 27, 5, 229.66
1609586659, 0, 180, 732, 672, 157, 10.83%, 1, 27, 5, 225.30
1609586716, 0, 181, 732, 671, 157, 10.83%, 1, 27, 5, 218.99
1609586736, 0, 182, 736, 674, 156, 11.17%, 1, 27, 5, 185.33
1609586752, 0, 182, 743, 681, 156, 11.22%, 1, 27, 5, 198.27
1609586757, 0, 182, 747, 685, 156, 11.22%, 1, 27, 5, 190.47
1609586767, 0, 182, 748, 686, 156, 11.23%, 1, 27, 5, 16.54
1609586777, 0, 182, 749, 687, 156, 11.25%, 1, 27, 5, 116.02
1609586782, 0, 182, 750, 688, 156, 11.25%, 1, 27, 5, 174.21
1609586788, 0, 182, 751, 689, 156, 11.26%, 1, 27, 5, 174.97
1609586793, 0, 182, 752, 690, 156, 11.26%, 1, 27, 5, 191.85
1609586798, 0, 182, 753, 691, 156, 11.26%, 1, 27, 5, 189.85
1609586803, 0, 182, 756, 694, 156, 11.27%, 1, 27, 5, 180.81
1609586808, 0, 182, 758, 696, 156, 11.27%, 1, 27, 5, 212.66
1609586818, 0, 182, 759, 697, 156, 11.34%, 1, 27, 5, 221.43
1609586834, 0, 182, 760, 698, 156, 11.36%, 1, 27, 5, 226.17
1609586844, 0, 182, 761, 699, 156, 11.36%, 1, 27, 5, 225.33
1609586859, 0, 182, 762, 700, 156, 11.37%, 1, 27, 5, 203.97
1609586864, 0, 182, 763, 701, 156, 11.37%, 1, 27, 5, 216.41
1609586875, 0, 185, 764, 701, 172, 11.37%, 1, 27, 5, 251.63
1609586885, 0, 185, 768, 705, 172, 11.37%, 1, 27, 5, 237.66
1609586890, 0, 185, 769, 706, 172, 11.37%, 1, 27, 5, 229.13
1609586895, 0, 185, 770, 707, 172, 11.38%, 1, 27, 5, 229.10
1609586900, 0, 185, 773, 710, 172, 11.41%, 1, 27, 5, 232.38
1609586905, 0, 185, 777, 714, 172, 11.41%, 1, 27, 5, 225.03
1609586911, 0, 185, 778, 715, 172, 11.41%, 1, 27, 5, 228.88
1609586916, 0, 185, 782, 719, 172, 11.42%, 1, 27, 5, 230.70
1609586921, 0, 185, 784, 721, 172, 11.42%, 1, 27, 5, 225.99
1609586926, 0, 185, 785, 722, 172, 11.42%, 1, 27, 5, 232.00
1609586931, 0, 185, 785, 722, 172, 11.42%, 1, 28, 5, 236.14
1609586952, 0, 185, 786, 723, 172, 11.42%, 1, 28, 5, 221.96
1609586957, 0, 185, 788, 725, 172, 11.42%, 1, 28, 5, 231.80
1609586967, 0, 185, 790, 727, 172, 11.42%, 1, 28, 5, 225.37
1609586972, 0, 185, 791, 728, 172, 11.42%, 1, 28, 5, 222.58
1609586977, 0, 185, 792, 729, 172, 11.42%, 1, 28, 5, 224.88
1609586983, 0, 185, 793, 730, 172, 11.42%, 1, 28, 5, 220.91
1609586988, 0, 185, 794, 731, 172, 11.42%, 1, 28, 5, 223.75
1609586993, 0, 185, 796, 733, 172, 11.42%, 1, 28, 5, 229.78
1609587003, 0, 185, 797, 734, 172, 11.42%, 1, 28, 5, 230.18
1609587029, 0, 187, 797, 733, 176, 11.42%, 1, 28, 5, 258.32
1609587039, 0, 187, 798, 734, 176, 11.42%, 1, 28, 5, 244.10
1609587065, 0, 198, 799, 734, 175, 11.42%, 1, 29, 5, 24.64
1609587070, 0, 198, 802, 737, 175, 11.43%, 1, 29, 5, 40.54
1609587075, 0, 198, 804, 739, 175, 11.43%, 1, 29, 5, 44.63
1609587080, 0, 198, 806, 741, 175, 11.43%, 1, 29, 5, 59.43
1609587095, 0, 198, 806, 741, 175, 11.43%, 1, 30, 5, 24.27
1609587105, 0, 198, 808, 743, 175, 11.43%, 1, 30, 5, 52.01
1609587111, 0, 198, 812, 747, 175, 11.43%, 1, 30, 5, 59.23
1609587151, 0, 200, 812, 746, 179, 11.43%, 1, 30, 5, 293.51
1609587172, 0, 200, 814, 748, 179, 11.44%, 1, 30, 5, 271.91
1609587177, 0, 200, 816, 750, 179, 11.44%, 1, 30, 5, 249.45
1609587182, 0, 200, 818, 752, 179, 11.44%, 1, 30, 5, 242.58
1609587187, 0, 200, 820, 754, 179, 11.44%, 1, 30, 5, 245.45
1609587192, 0, 200, 823, 757, 179, 11.45%, 1, 30, 5, 236.50
1609587198, 0, 200, 824, 758, 179, 11.45%, 1, 30, 5, 242.00
1609587203, 0, 200, 825, 759, 179, 11.45%, 1, 30, 5, 243.61
1609587213, 0, 200, 827, 761, 179, 11.45%, 1, 30, 5, 241.72
1609587218, 0, 200, 829, 763, 179, 11.45%, 1, 30, 5, 236.97
1609587223, 0, 200, 832, 766, 179, 11.46%, 1, 30, 5, 239.55
1609587244, 0, 200, 833, 767, 179, 11.46%, 1, 30, 5, 239.26
1609587249, 0, 200, 834, 768, 179, 11.46%, 1, 30, 5, 240.89
1609587274, 0, 203, 834, 767, 182, 11.46%, 1, 30, 5, 259.31
1609587299, 0, 208, 834, 766, 181, 11.46%, 1, 30, 5, 271.85
1609587309, 0, 208, 838, 770, 181, 11.46%, 1, 30, 5, 245.77
1609587314, 0, 208, 840, 772, 181, 11.47%, 1, 30, 5, 231.94
1609587325, 0, 208, 841, 773, 181, 11.47%, 1, 30, 5, 235.80
1609587355, 0, 208, 842, 774, 181, 11.47%, 1, 30, 5, 232.31
1609587365, 0, 208, 843, 775, 181, 11.47%, 1, 30, 5, 227.20
1609587371, 0, 208, 844, 776, 181, 11.47%, 1, 30, 5, 232.55
1609587381, 0, 208, 845, 777, 181, 11.47%, 1, 30, 5, 231.60
1609587386, 0, 208, 846, 778, 181, 11.47%, 1, 30, 5, 233.02
1609587401, 0, 208, 847, 779, 181, 11.47%, 1, 30, 5, 220.73
1609587412, 0, 210, 847, 778, 181, 11.47%, 1, 30, 5, 243.21
1609587437, 0, 210, 849, 780, 181, 11.47%, 1, 30, 5, 250.83
1609587447, 0, 210, 850, 781, 181, 11.47%, 1, 30, 5, 234.50
1609587458, 0, 210, 851, 782, 181, 11.48%, 1, 30, 5, 231.10
1609587463, 0, 210, 852, 783, 181, 11.48%, 1, 30, 5, 231.79
1609587483, 0, 210, 853, 784, 181, 11.48%, 1, 30, 5, 237.21
1609587494, 0, 210, 854, 785, 181, 11.48%, 1, 30, 5, 237.06
1609587509, 0, 210, 855, 786, 181, 11.49%, 1, 30, 5, 233.28
1609587514, 0, 210, 856, 787, 181, 11.49%, 1, 30, 5, 237.37
1609587519, 0, 210, 857, 788, 181, 11.49%, 1, 30, 5, 238.46
1609587534, 0, 216, 857, 787, 180, 11.49%, 1, 30, 5, 246.32
1609587555, 0, 221, 857, 786, 179, 11.49%, 1, 30, 5, 255.52
1609587580, 0, 230, 857, 785, 178, 11.49%, 1, 30, 5, 250.48
1609587585, 0, 230, 863, 791, 178, 11.49%, 1, 30, 5, 280.88
1609587590, 0, 230, 864, 792, 178, 11.50%, 1, 30, 5, 268.09
1609587600, 0, 230, 867, 795, 178, 11.50%, 1, 30, 5, 226.03
1609587606, 0, 230, 871, 799, 178, 11.51%, 1, 30, 5, 227.79
1609587637, 0, 230, 871, 799, 178, 11.51%, 1, 31, 5, 233.47
1609587647, 0, 230, 872, 800, 178, 11.51%, 1, 32, 5, 15.36
1609587652, 0, 230, 874, 802, 178, 11.51%, 1, 32, 5, 241.31
1609587662, 0, 230, 876, 804, 178, 11.55%, 1, 32, 5, 231.81
1609587668, 0, 230, 876, 804, 178, 11.55%, 1, 34, 5, 8.39
1609587673, 0, 230, 876, 804, 178, 11.55%, 1, 35, 5, 236.45
1609587678, 0, 230, 879, 807, 178, 11.57%, 1, 35, 5, 240.57
1609587698, 0, 230, 880, 808, 178, 11.57%, 1, 35, 5, 222.70
1609587703, 0, 232, 881, 808, 187, 11.57%, 1, 36, 5, 248.64
1609587728, 0, 232, 882, 809, 187, 11.57%, 1, 36, 5, 287.71
1609587733, 0, 232, 883, 810, 187, 11.57%, 1, 36, 5, 256.30
1609587744, 0, 232, 884, 811, 187, 11.57%, 1, 36, 5, 244.96
1609587749, 0, 232, 886, 813, 187, 11.57%, 1, 36, 5, 246.61
1609587754, 0, 232, 888, 815, 187, 11.57%, 1, 36, 5, 246.25
1609587759, 0, 232, 889, 816, 187, 11.57%, 1, 36, 5, 244.10
1609587764, 0, 232, 891, 818, 187, 11.57%, 1, 36, 5, 245.99
1609587770, 0, 232, 893, 820, 187, 11.57%, 1, 36, 5, 239.36
1609587780, 0, 232, 894, 821, 187, 11.57%, 1, 36, 5, 246.53
1609587790, 0, 232, 895, 822, 187, 11.57%, 1, 36, 5, 245.19
1609587795, 0, 232, 896, 823, 187, 11.57%, 1, 36, 5, 247.72
1609587806, 0, 232, 897, 824, 187, 11.57%, 1, 36, 5, 243.47
1609587811, 0, 232, 898, 825, 187, 11.57%, 1, 36, 5, 237.92
1609587821, 0, 232, 900, 827, 187, 11.58%, 1, 36, 5, 241.90
1609587826, 0, 232, 901, 828, 187, 11.58%, 1, 36, 5, 245.18
1609587831, 0, 233, 901, 827, 188, 11.58%, 1, 36, 5, 261.90
1609587851, 0, 233, 902, 828, 188, 11.58%, 1, 36, 5, 220.12
1609587867, 0, 234, 902, 827, 188, 11.58%, 1, 36, 5, 276.35
1609587902, 0, 234, 905, 830, 188, 11.58%, 1, 36, 5, 251.31
1609587933, 0, 234, 906, 831, 188, 11.58%, 1, 36, 5, 245.66
1609587969, 0, 234, 908, 833, 188, 11.58%, 1, 36, 5, 247.54
1609587974, 0, 234, 910, 835, 188, 11.58%, 1, 36, 5, 249.12
1609587979, 0, 234, 911, 836, 188, 11.58%, 1, 36, 5, 246.61
1609587990, 0, 234, 912, 837, 188, 11.59%, 1, 36, 5, 246.12
1609587995, 0, 237, 912, 836, 187, 11.59%, 1, 36, 5, 278.94
1609588000, 0, 237, 913, 837, 187, 11.59%, 1, 36, 5, 257.06
1609588005, 0, 237, 914, 838, 187, 11.59%, 1, 36, 5, 232.92
1609588046, 0, 237, 915, 839, 187, 11.59%, 1, 36, 5, 229.16
1609588056, 0, 237, 916, 840, 187, 11.59%, 1, 36, 5, 224.94
1609588066, 0, 237, 917, 841, 187, 11.59%, 1, 36, 5, 226.69
1609588082, 0, 237, 918, 842, 187, 11.59%, 1, 36, 5, 230.03
1609588107, 0, 243, 921, 844, 186, 11.59%, 1, 36, 5, 214.03
1609588154, 0, 243, 929, 852, 186, 11.63%, 1, 37, 5, 177.79
1609588159, 0, 243, 935, 858, 186, 11.63%, 1, 37, 5, 172.93
1609588164, 0, 243, 940, 863, 186, 11.64%, 1, 37, 5, 160.29
1609588170, 0, 243, 943, 866, 186, 11.65%, 1, 38, 5, 24.24
1609588175, 0, 243, 949, 872, 186, 11.67%, 1, 38, 5, 176.29
1609588180, 0, 243, 952, 875, 186, 11.67%, 1, 39, 5, 147.64
1609588185, 0, 243, 957, 880, 186, 11.70%, 1, 39, 5, 170.16
1609588190, 0, 243, 962, 885, 186, 11.70%, 1, 40, 5, 154.55
1609588195, 0, 243, 965, 888, 186, 11.70%, 1, 40, 5, 163.44
1609588200, 0, 243, 968, 891, 186, 11.74%, 1, 40, 5, 154.07
1609588205, 0, 243, 972, 895, 186, 11.75%, 1, 41, 5, 188.30
1609588210, 0, 243, 973, 896, 186, 11.75%, 1, 41, 5, 170.14
1609588215, 0, 243, 977, 900, 186, 11.76%, 1, 41, 5, 175.36
1609588221, 0, 243, 978, 901, 186, 11.76%, 1, 41, 5, 168.58
1609588226, 0, 243, 979, 902, 186, 11.76%, 1, 42, 5, 159.40
1609588231, 0, 243, 980, 903, 186, 11.77%, 1, 43, 5, 203.97
1609588236, 0, 243, 983, 906, 186, 11.77%, 1, 44, 5, 169.15
1609588241, 0, 243, 983, 906, 186, 11.77%, 1, 45, 5, 173.43
1609588246, 0, 243, 983, 906, 186, 11.77%, 1, 46, 5, 183.03
1609588251, 0, 243, 983, 906, 186, 11.77%, 1, 47, 5, 197.14
1609588257, 0, 243, 986, 909, 186, 11.77%, 1, 47, 5, 182.78
1609588262, 0, 243, 989, 912, 186, 11.77%, 1, 47, 5, 167.44
1609588267, 0, 243, 990, 913, 186, 11.77%, 1, 47, 5, 169.74
1609588272, 0, 243, 991, 914, 186, 11.77%, 1, 47, 5, 162.70
1609588277, 0, 243, 992, 915, 186, 11.77%, 1, 47, 5, 162.71
1609588292, 0, 243, 995, 918, 186, 11.77%, 1, 47, 5, 158.66
1609588298, 0, 243, 997, 920, 186, 11.77%, 1, 47, 5, 157.32
1609588303, 0, 243, 998, 921, 186, 11.77%, 1, 47, 5, 166.36
1609588308, 0, 243, 1001, 924, 186, 11.77%, 1, 47, 5, 165.03
1609588313, 0, 244, 1001, 923, 209, 11.77%, 1, 47, 5, 169.05
1609588349, 0, 261, 1001, 922, 208, 11.77%, 1, 47, 5, 206.39
1609588359, 0, 262, 1001, 921, 207, 11.77%, 1, 47, 5, 210.68
1609588369, 0, 262, 1002, 922, 207, 11.77%, 1, 47, 5, 201.32
1609588385, 0, 266, 1002, 921, 206, 11.77%, 1, 47, 5, 208.20
1609588395, 0, 266, 1003, 922, 206, 11.77%, 1, 47, 5, 194.42
1609588400, 0, 266, 1005, 924, 206, 11.77%, 1, 47, 5, 197.63
1609588405, 0, 266, 1006, 925, 206, 11.77%, 1, 47, 5, 207.88
1609588420, 0, 266, 1007, 926, 206, 11.77%, 1, 47, 5, 210.66
1609588426, 0, 266, 1008, 927, 206, 11.77%, 1, 47, 5, 208.98
1609588431, 0, 266, 1010, 929, 206, 11.77%, 1, 47, 5, 210.36
1609588436, 0, 266, 1011, 930, 206, 11.77%, 1, 47, 5, 211.63
1609588441, 0, 266, 1012, 931, 206, 11.77%, 1, 47, 5, 207.35
1609588482, 0, 266, 1013, 932, 206, 11.77%, 1, 47, 5, 207.51
1609588487, 0, 266, 1015, 934, 206, 11.77%, 1, 47, 5, 199.92
1609588534, 0, 266, 1017, 936, 206, 11.83%, 1, 47, 5, 195.47
1609588539, 0, 266, 1018, 937, 206, 11.83%, 1, 47, 5, 199.69
1609588549, 0, 266, 1019, 938, 206, 11.83%, 1, 47, 5, 204.51
1609588554, 0, 270, 1019, 937, 206, 11.83%, 1, 47, 5, 196.45
1609588574, 0, 275, 1019, 936, 205, 11.83%, 1, 47, 5, 211.30
1609588590, 0, 278, 1019, 935, 204, 11.83%, 1, 47, 5, 202.66
1609588605, 0, 282, 1019, 934, 203, 11.83%, 1, 47, 5, 203.33
1609588620, 0, 283, 1019, 933, 202, 11.83%, 1, 47, 5, 219.61
1609588651, 0, 283, 1020, 934, 202, 11.83%, 1, 47, 5, 205.04
1609588656, 0, 283, 1021, 935, 202, 11.83%, 1, 47, 5, 202.57
1609588661, 0, 283, 1023, 937, 202, 11.83%, 1, 47, 5, 202.32
1609588666, 0, 283, 1024, 938, 202, 11.83%, 1, 47, 5, 209.00
1609588671, 0, 283, 1025, 939, 202, 11.83%, 1, 47, 5, 213.61
1609588697, 0, 283, 1026, 940, 202, 11.83%, 1, 47, 5, 207.94
1609588702, 0, 283, 1027, 941, 202, 11.83%, 1, 47, 5, 209.98
1609588723, 0, 283, 1028, 942, 202, 11.83%, 1, 47, 5, 213.94
1609588743, 0, 283, 1029, 943, 202, 11.83%, 1, 47, 5, 212.80
1609588800, 0, 284, 1029, 942, 202, 11.83%, 1, 47, 5, 188.68
1609588815, 0, 285, 1029, 941, 201, 11.83%, 1, 47, 5, 218.73
1609588830, 0, 286, 1029, 940, 200, 11.83%, 1, 47, 5, 255.78
1609588851, 0, 286, 1030, 941, 200, 11.83%, 1, 47, 5, 233.85
1609588866, 0, 289, 1032, 942, 199, 11.83%, 1, 47, 5, 263.55
1609588881, 0, 289, 1033, 943, 199, 11.83%, 1, 47, 5, 226.20
1609588892, 0, 289, 1034, 944, 199, 11.83%, 1, 47, 5, 224.51
1609588902, 0, 289, 1037, 947, 199, 11.83%, 1, 47, 5, 211.17
1609588907, 0, 289, 1037, 947, 199, 11.83%, 1, 48, 5, 228.78
1609588912, 0, 289, 1038, 948, 199, 11.85%, 1, 48, 5, 226.36
1609588917, 0, 289, 1039, 949, 199, 11.85%, 1, 48, 5, 230.21
1609588923, 0, 289, 1040, 950, 199, 11.86%, 1, 48, 5, 227.04
1609588928, 0, 289, 1041, 951, 199, 11.88%, 1, 48, 5, 225.69
1609588948, 0, 289, 1043, 953, 199, 11.88%, 1, 48, 5, 221.67
1609588958, 0, 289, 1045, 955, 199, 11.89%, 1, 48, 5, 216.23
1609588979, 0, 292, 1045, 954, 201, 11.89%, 1, 48, 5, 233.49
1609588995, 0, 292, 1045, 954, 201, 11.89%, 1, 49, 5, 21.89
1609589000, 0, 293, 1046, 954, 200, 11.89%, 1, 50, 5, 7.34
1609589016, 0, 293, 1048, 956, 200, 11.92%, 1, 50, 5, 26.68
1609589041, 0, 293, 1049, 957, 200, 11.92%, 1, 50, 5, 190.64
1609589066, 0, 297, 1049, 956, 202, 11.92%, 1, 50, 5, 124.19
1609589072, 0, 297, 1050, 957, 202, 11.92%, 1, 51, 5, 111.06
1609589097, 0, 297, 1052, 959, 202, 11.92%, 1, 51, 5, 169.88
1609589102, 0, 297, 1053, 960, 202, 11.92%, 1, 51, 5, 162.19
1609589108, 0, 297, 1054, 961, 202, 11.92%, 1, 51, 5, 155.93
1609589113, 0, 297, 1055, 962, 202, 11.92%, 1, 51, 5, 151.89
1609589118, 0, 297, 1056, 963, 202, 11.92%, 1, 51, 5, 158.56
1609589123, 0, 297, 1057, 964, 202, 11.92%, 1, 52, 5, 181.30
1609589128, 0, 297, 1059, 966, 202, 11.92%, 1, 52, 5, 156.78
1609589133, 0, 297, 1062, 969, 202, 11.92%, 1, 52, 5, 157.82
1609589138, 0, 297, 1063, 970, 202, 11.92%, 1, 52, 5, 152.18
1609589143, 0, 297, 1064, 971, 202, 11.92%, 1, 52, 5, 155.41
1609589148, 0, 297, 1065, 972, 202, 11.92%, 1, 52, 5, 154.06
1609589164, 0, 297, 1067, 974, 202, 11.92%, 1, 52, 5, 151.60
1609589169, 0, 297, 1067, 974, 202, 11.92%, 1, 53, 5, 15.26
1609589179, 0, 297, 1068, 975, 202, 11.92%, 1, 53, 5, 168.15
1609589184, 0, 297, 1070, 977, 202, 11.92%, 1, 53, 5, 153.82
1609589194, 0, 297, 1071, 978, 202, 11.92%, 1, 53, 5, 148.33
1609589204, 0, 297, 1072, 979, 202, 11.92%, 1, 53, 5, 152.98
1609589214, 0, 297, 1073, 980, 202, 11.92%, 1, 53, 5, 151.61
1609589220, 0, 297, 1075, 982, 202, 11.92%, 1, 53, 5, 145.43
1609589225, 0, 297, 1076, 983, 202, 11.92%, 1, 53, 5, 151.77
1609589235, 0, 297, 1077, 984, 202, 11.92%, 1, 54, 5, 160.06
1609589240, 0, 297, 1079, 986, 202, 11.92%, 1, 54, 5, 164.13
1609589260, 0, 304, 1079, 985, 204, 11.92%, 1, 54, 5, 227.80
1609589286, 0, 310, 1080, 985, 203, 11.92%, 1, 54, 5, 24.07
1609589317, 0, 310, 1082, 987, 203, 11.94%, 1, 54, 5, 209.71
1609589337, 0, 310, 1083, 988, 203, 11.94%, 1, 54, 5, 198.55
1609589347, 0, 310, 1084, 989, 203, 11.94%, 1, 54, 5, 201.63
1609589363, 0, 310, 1086, 991, 203, 11.94%, 1, 54, 5, 189.34
1609589393, 0, 310, 1087, 992, 203, 11.94%, 1, 54, 5, 182.30
1609589403, 0, 310, 1089, 994, 203, 11.94%, 1, 54, 5, 195.15
1609589409, 0, 310, 1090, 995, 203, 11.94%, 1, 54, 5, 204.55
1609589419, 0, 310, 1091, 996, 203, 11.94%, 1, 54, 5, 185.54
1609589429, 0, 310, 1092, 997, 203, 11.94%, 1, 54, 5, 199.56
1609589434, 0, 311, 1092, 996, 203, 11.94%, 1, 54, 5, 224.58
1609589454, 0, 314, 1096, 999, 202, 11.95%, 1, 54, 5, 235.82
1609589460, 0, 314, 1097, 1000, 202, 11.96%, 1, 54, 5, 297.52
1609589465, 0, 314, 1098, 1001, 202, 11.97%, 1, 54, 5, 258.74
1609589480, 0, 314, 1099, 1002, 202, 11.97%, 1, 54, 5, 217.34
1609589490, 0, 314, 1101, 1004, 202, 11.97%, 1, 54, 5, 226.92
1609589500, 0, 314, 1103, 1006, 202, 11.97%, 1, 54, 5, 228.30
1609589510, 0, 314, 1105, 1008, 202, 11.97%, 1, 54, 5, 209.69
1609589536, 0, 314, 1106, 1009, 202, 11.97%, 1, 54, 5, 211.14
1609589546, 0, 314, 1107, 1010, 202, 11.97%, 1, 54, 5, 223.06
1609589588, 0, 314, 1107, 1010, 202, 11.97%, 1, 55, 5, 24.79
1609589613, 0, 328, 1107, 1009, 205, 11.97%, 1, 55, 5, 219.99
1609589619, 0, 328, 1114, 1016, 205, 11.97%, 1, 55, 5, 270.30
1609589624, 0, 328, 1115, 1017, 205, 11.97%, 1, 55, 5, 237.82
1609589629, 0, 328, 1118, 1020, 205, 11.98%, 1, 55, 5, 228.02
1609589639, 0, 328, 1119, 1021, 205, 11.98%, 1, 55, 5, 222.78
1609589644, 0, 328, 1120, 1022, 205, 11.98%, 1, 56, 5, 234.26
1609589649, 0, 328, 1121, 1023, 205, 11.98%, 1, 56, 5, 226.84
1609589660, 0, 328, 1121, 1023, 205, 11.98%, 1, 57, 5, 236.27
1609589665, 0, 328, 1122, 1024, 205, 11.98%, 1, 57, 5, 229.89
1609589670, 0, 328, 1123, 1025, 205, 11.98%, 1, 57, 5, 231.50
1609589675, 0, 328, 1124, 1026, 205, 11.98%, 1, 57, 5, 42.48
1609589690, 0, 328, 1125, 1027, 205, 11.98%, 1, 57, 5, 237.47
1609589700, 0, 328, 1127, 1029, 205, 11.98%, 1, 57, 5, 233.27
1609589705, 0, 328, 1128, 1030, 205, 11.98%, 1, 57, 5, 238.51
1609589710, 0, 328, 1129, 1031, 205, 11.99%, 1, 57, 5, 236.28
1609589716, 0, 328, 1130, 1032, 205, 11.99%, 1, 57, 5, 234.25
1609589726, 0, 328, 1131, 1033, 205, 11.99%, 1, 57, 5, 228.22
1609589731, 0, 334, 1131, 1032, 210, 11.99%, 1, 57, 5, 236.32
1609589741, 0, 334, 1132, 1033, 210, 11.99%, 1, 57, 5, 226.60
1609589746, 0, 334, 1133, 1034, 210, 11.99%, 1, 57, 5, 219.33
1609589761, 0, 334, 1133, 1034, 210, 11.99%, 1, 58, 5, 211.47
1609589766, 0, 334, 1134, 1035, 210, 11.99%, 1, 58, 5, 217.76
1609589771, 0, 334, 1135, 1036, 210, 11.99%, 1, 58, 5, 217.43
1609589787, 0, 334, 1136, 1037, 210, 11.99%, 1, 58, 5, 214.74
1609589792, 0, 334, 1137, 1038, 210, 11.99%, 1, 58, 5, 219.32
1609589802, 0, 334, 1138, 1039, 210, 11.99%, 1, 58, 5, 219.07
1609589812, 0, 334, 1139, 1040, 210, 11.99%, 1, 58, 5, 220.28
1609589827, 0, 334, 1140, 1041, 210, 11.99%, 1, 58, 5, 217.91
1609589837, 0, 334, 1140, 1041, 210, 11.99%, 1, 59, 5, 219.21
1609589873, 0, 334, 1141, 1042, 210, 11.99%, 1, 59, 5, 225.36
1609589878, 0, 334, 1142, 1043, 210, 12.00%, 1, 59, 5, 225.35
1609589889, 0, 338, 1142, 1042, 211, 12.00%, 1, 59, 5, 176.37
1609589909, 0, 340, 1143, 1042, 210, 12.00%, 1, 59, 5, 136.48
1609589919, 0, 340, 1144, 1043, 210, 12.00%, 1, 59, 5, 185.10
1609589929, 0, 340, 1145, 1044, 210, 12.00%, 1, 59, 5, 188.69
1609589950, 0, 341, 1146, 1044, 209, 12.00%, 1, 59, 5, 139.69
1609589960, 0, 341, 1146, 1044, 209, 12.00%, 1, 60, 5, 210.13
1609589965, 0, 344, 1146, 1043, 208, 12.00%, 1, 60, 5, 159.79
1609589981, 0, 345, 1147, 1043, 207, 12.00%, 1, 60, 5, 195.93
1609589991, 0, 345, 1148, 1044, 207, 12.00%, 1, 60, 5, 216.33
1609589996, 0, 345, 1149, 1045, 207, 12.00%, 1, 60, 5, 219.17
1609590006, 0, 345, 1150, 1046, 207, 12.00%, 1, 60, 5, 212.85
1609590011, 0, 345, 1151, 1047, 207, 12.00%, 1, 60, 5, 214.95
1609590016, 0, 345, 1152, 1048, 207, 12.00%, 1, 60, 5, 215.48
1609590021, 0, 345, 1154, 1050, 207, 12.00%, 1, 60, 5, 213.09
1609590026, 0, 345, 1155, 1051, 207, 12.00%, 1, 60, 5, 206.04
1609590031, 0, 345, 1156, 1052, 207, 12.00%, 1, 60, 5, 209.42
1609590042, 0, 345, 1157, 1053, 207, 12.00%, 1, 60, 5, 212.50
1609590047, 0, 345, 1158, 1054, 207, 12.00%, 1, 60, 5, 211.35
1609590052, 0, 345, 1160, 1056, 207, 12.00%, 1, 60, 5, 206.62
1609590057, 0, 345, 1162, 1058, 207, 12.00%, 1, 60, 5, 209.97
1609590067, 0, 345, 1164, 1060, 207, 12.01%, 1, 60, 5, 194.50
1609590072, 0, 345, 1165, 1061, 207, 12.01%, 1, 60, 5, 203.46
1609590082, 0, 345, 1166, 1062, 207, 12.01%, 1, 60, 5, 212.96
1609590087, 0, 345, 1167, 1063, 207, 12.01%, 1, 60, 5, 201.22
1609590118, 0, 345, 1168, 1064, 207, 12.01%, 1, 60, 5, 205.96
1609590128, 0, 345, 1169, 1065, 207, 12.01%, 1, 60, 5, 210.83
1609590138, 0, 345, 1170, 1066, 207, 12.01%, 1, 60, 5, 212.16
1609590143, 0, 353, 1171, 1066, 209, 12.01%, 1, 60, 5, 187.96
1609590163, 0, 354, 1171, 1065, 208, 12.01%, 1, 60, 5, 129.76
1609590169, 0, 354, 1172, 1066, 208, 12.01%, 1, 60, 5, 153.77
1609590174, 0, 354, 1173, 1067, 208, 12.01%, 1, 60, 5, 189.37
1609590179, 0, 354, 1174, 1068, 208, 12.01%, 1, 60, 5, 192.02
1609590204, 0, 355, 1174, 1067, 207, 12.01%, 1, 60, 5, 235.23
1609590225, 0, 368, 1174, 1066, 206, 12.01%, 1, 60, 5, 153.36
1609590240, 0, 397, 1175, 1066, 205, 12.01%, 1, 60, 5, 40.85
1609590306, 0, 397, 1176, 1067, 205, 12.01%, 1, 60, 5, 111.26
1609590321, 0, 399, 1176, 1066, 205, 12.01%, 1, 60, 5, 227.95
1609590331, 0, 399, 1179, 1069, 205, 12.01%, 1, 60, 5, 233.32
1609590336, 0, 399, 1182, 1072, 205, 12.01%, 1, 60, 5, 222.60
1609590347, 0, 399, 1184, 1074, 205, 12.01%, 1, 60, 5, 215.08
1609590357, 0, 399, 1185, 1075, 205, 12.01%, 1, 60, 5, 219.69
1609590362, 0, 399, 1186, 1076, 205, 12.01%, 1, 60, 5, 222.92
1609590367, 0, 399, 1189, 1079, 205, 12.01%, 1, 60, 5, 225.99
1609590382, 0, 399, 1190, 1080, 205, 12.01%, 1, 60, 5, 216.86
1609590393, 0, 399, 1191, 1081, 205, 12.01%, 1, 60, 5, 223.92
1609590423, 0, 399, 1192, 1082, 205, 12.02%, 1, 60, 5, 223.87
1609590439, 0, 400, 1194, 1083, 207, 12.02%, 1, 60, 5, 163.31
1609590648, 0, 400, 1198, 1087, 207, 12.02%, 1, 60, 5, 101.34
1609590653, 0, 400, 1199, 1088, 207, 12.02%, 1, 60, 5, 107.72
1609590658, 0, 400, 1200, 1089, 207, 12.02%, 1, 60, 5, 105.65
1609590663, 0, 400, 1200, 1089, 207, 12.02%, 1, 61, 5, 104.56
1609590668, 0, 400, 1201, 1090, 207, 12.02%, 1, 61, 5, 104.45
1609590674, 0, 400, 1204, 1093, 207, 12.05%, 1, 61, 5, 108.43
1609590679, 0, 400, 1205, 1094, 207, 12.05%, 1, 61, 5, 106.82
1609590689, 0, 400, 1206, 1095, 207, 12.05%, 1, 61, 5, 104.74
1609590699, 0, 400, 1207, 1096, 207, 12.05%, 1, 61, 5, 103.00
1609590709, 0, 400, 1208, 1097, 207, 12.06%, 1, 61, 5, 111.98
1609590714, 0, 400, 1209, 1098, 207, 12.06%, 1, 61, 5, 109.98
1609590755, 0, 400, 1210, 1099, 207, 12.06%, 1, 61, 5, 108.39
1609590770, 0, 400, 1210, 1099, 207, 12.06%, 1, 62, 5, 115.63
1609590775, 0, 400, 1211, 1100, 207, 12.06%, 1, 62, 5, 105.49
1609590780, 0, 400, 1212, 1101, 207, 12.06%, 1, 62, 5, 106.06
1609590796, 0, 400, 1212, 1101, 207, 12.06%, 1, 63, 5, 101.47
1609590801, 0, 400, 1213, 1102, 207, 12.06%, 1, 63, 5, 108.18
1609590811, 0, 400, 1214, 1103, 207, 12.06%, 1, 63, 5, 110.17
1609590836, 0, 400, 1215, 1104, 207, 12.06%, 1, 63, 5, 104.05
1609590857, 0, 400, 1216, 1105, 207, 12.06%, 1, 64, 5, 106.27
1609590867, 0, 400, 1217, 1106, 207, 12.06%, 1, 64, 5, 109.03
1609590872, 0, 400, 1218, 1107, 207, 12.06%, 1, 64, 5, 108.34
1609590882, 0, 410, 1218, 1106, 212, 12.06%, 1, 64, 5, 100.14
1609590903, 0, 428, 1221, 1108, 211, 12.06%, 1, 64, 5, 77.42
1609590990, 0, 430, 1222, 1108, 210, 12.06%, 1, 64, 5, 97.01
1609591060, 0, 433, 1222, 1107, 209, 12.06%, 1, 64, 5, 96.63
1609591076, 0, 437, 1222, 1106, 208, 12.06%, 1, 64, 5, 127.33
1609591153, 0, 437, 1222, 1106, 208, 12.06%, 1, 65, 5, 3.05
1609591182, 0, 438, 1223, 1106, 207, 12.06%, 1, 65, 5, 271.40
1609591192, 0, 438, 1224, 1107, 207, 12.06%, 1, 65, 5, 229.36
1609591197, 0, 438, 1225, 1108, 207, 12.06%, 1, 65, 5, 216.78
1609591208, 0, 438, 1227, 1110, 207, 12.07%, 1, 65, 5, 226.70
1609591213, 0, 438, 1228, 1111, 207, 12.07%, 1, 65, 5, 223.94
1609591218, 0, 438, 1229, 1112, 207, 12.07%, 1, 65, 5, 220.97
1609591223, 0, 438, 1229, 1112, 207, 12.07%, 1, 66, 5, 24.98
1609591233, 0, 438, 1230, 1113, 207, 12.07%, 1, 66, 5, 220.19
1609591243, 0, 438, 1231, 1114, 207, 12.07%, 1, 67, 5, 227.18
1609591254, 0, 438, 1231, 1114, 207, 12.07%, 1, 68, 5, 24.94
1609591291, 0, 438, 1232, 1115, 207, 12.07%, 1, 68, 5, 215.44
1609591296, 0, 438, 1233, 1116, 207, 12.07%, 1, 68, 5, 215.30
1609591301, 0, 444, 1234, 1116, 208, 12.07%, 1, 68, 5, 153.47
1609591321, 0, 444, 1235, 1117, 208, 12.07%, 1, 68, 5, 60.03
1609591373, 0, 444, 1236, 1118, 208, 12.07%, 1, 68, 5, 114.23
1609591383, 0, 444, 1237, 1119, 208, 12.07%, 1, 68, 5, 128.52
1609591398, 0, 446, 1237, 1118, 208, 12.07%, 1, 68, 5, 137.45
1609591419, 0, 451, 1237, 1117, 207, 12.07%, 1, 68, 5, 192.83
1609591424, 0, 451, 1238, 1118, 207, 12.08%, 1, 68, 5, 168.63
1609591439, 0, 463, 1238, 1117, 207, 12.08%, 1, 68, 5, 27.15
1609591444, 0, 463, 1239, 1118, 207, 12.09%, 1, 68, 5, 29.34
1609591449, 0, 463, 1240, 1119, 207, 12.09%, 1, 68, 5, 38.30
1609591551, 0, 472, 1240, 1118, 207, 12.09%, 1, 68, 5, 25.22
1609591571, 0, 472, 1241, 1119, 207, 12.09%, 1, 68, 5, 172.41
1609591586, 0, 472, 1243, 1121, 207, 12.09%, 1, 68, 5, 142.85
1609591596, 0, 472, 1244, 1122, 207, 12.09%, 1, 68, 5, 158.24
1609591652, 0, 472, 1245, 1123, 207, 12.09%, 1, 68, 5, 157.63
1609591693, 0, 472, 1246, 1124, 207, 12.09%, 1, 68, 5, 157.04
1609591699, 0, 472, 1247, 1125, 207, 12.09%, 1, 68, 5, 162.80
1609591739, 0, 472, 1248, 1126, 207, 12.09%, 1, 68, 5, 160.00
1609591770, 0, 472, 1248, 1126, 207, 12.09%, 1, 69, 5, 139.83
1609591785, 0, 486, 1248, 1125, 208, 12.09%, 1, 69, 5, 148.88
1609591806, 0, 486, 1249, 1126, 208, 12.09%, 1, 69, 5, 157.05
1609591821, 0, 486, 1250, 1127, 208, 12.09%, 1, 69, 5, 150.25
1609591877, 0, 487, 1250, 1126, 207, 12.09%, 1, 69, 5, 156.88
1609591882, 0, 487, 1251, 1127, 207, 12.09%, 1, 69, 5, 191.21
1609591903, 0, 487, 1252, 1128, 207, 12.09%, 1, 69, 5, 153.92
1609591933, 0, 490, 1252, 1127, 206, 12.09%, 1, 69, 5, 155.20
1609591943, 0, 495, 1252, 1126, 205, 12.09%, 1, 69, 5, 158.59
1609591969, 0, 495, 1253, 1127, 205, 12.09%, 1, 70, 5, 151.67
1609591994, 0, 508, 1257, 1130, 204, 12.09%, 1, 70, 5, 186.57
1609591999, 0, 508, 1258, 1131, 204, 12.10%, 1, 70, 5, 246.73
1609592015, 0, 508, 1260, 1133, 204, 12.11%, 1, 70, 5, 187.90
1609592025, 0, 508, 1263, 1136, 204, 12.12%, 1, 70, 5, 154.99
1609592031, 0, 508, 1263, 1136, 204, 12.12%, 1, 71, 5, 151.59
1609592036, 0, 508, 1263, 1136, 204, 12.12%, 1, 72, 5, 199.39
1609592041, 0, 508, 1264, 1137, 204, 12.12%, 1, 72, 5, 175.07
1609592051, 0, 508, 1265, 1138, 204, 12.12%, 1, 72, 5, 160.25
1609592061, 0, 508, 1266, 1139, 204, 12.12%, 1, 72, 5, 153.35
1609592066, 0, 508, 1267, 1140, 204, 12.12%, 1, 72, 5, 160.51
1609592076, 0, 508, 1270, 1143, 204, 12.12%, 1, 72, 5, 153.59
1609592081, 0, 508, 1271, 1144, 204, 12.12%, 1, 72, 5, 148.45
1609592092, 0, 508, 1272, 1145, 204, 12.12%, 1, 72, 5, 159.11
1609592097, 0, 508, 1273, 1146, 204, 12.12%, 1, 72, 5, 155.12
1609592122, 0, 508, 1274, 1147, 204, 12.12%, 1, 72, 5, 151.29
1609592127, 0, 508, 1275, 1148, 204, 12.12%, 1, 72, 5, 143.32
1609592132, 0, 508, 1276, 1149, 204, 12.12%, 1, 72, 5, 146.76
1609592138, 0, 508, 1276, 1149, 204, 12.12%, 1, 73, 5, 142.83
1609592153, 0, 508, 1277, 1150, 204, 12.12%, 1, 73, 5, 171.89
1609592168, 0, 522, 1277, 1149, 206, 12.12%, 1, 73, 5, 174.15
1609592178, 0, 522, 1277, 1149, 206, 12.12%, 1, 74, 5, 194.80
1609592184, 0, 522, 1279, 1151, 206, 12.12%, 1, 74, 5, 163.60
1609592209, 0, 522, 1279, 1151, 206, 12.12%, 1, 75, 5, 144.87
1609592214, 0, 522, 1280, 1152, 206, 12.12%, 1, 75, 5, 188.18
1609592219, 0, 522, 1281, 1153, 206, 12.12%, 1, 75, 5, 172.45
1609592240, 0, 522, 1282, 1154, 206, 12.12%, 1, 75, 5, 160.13
1609592245, 0, 522, 1283, 1155, 206, 12.12%, 1, 75, 5, 149.66
1609592250, 0, 522, 1284, 1156, 206, 12.12%, 1, 75, 5, 176.85
1609592266, 0, 522, 1285, 1157, 206, 12.12%, 1, 75, 5, 153.10
1609592271, 0, 522, 1286, 1158, 206, 12.12%, 1, 75, 5, 155.71
1609592281, 0, 522, 1288, 1160, 206, 12.12%, 1, 75, 5, 155.84
1609592306, 0, 522, 1288, 1160, 206, 12.12%, 1, 76, 5, 207.10
1609592311, 0, 522, 1290, 1162, 206, 12.13%, 1, 76, 5, 168.65
1609592316, 0, 522, 1290, 1162, 206, 12.13%, 1, 77, 5, 169.21
1609592332, 0, 526, 1290, 1161, 206, 12.13%, 1, 77, 5, 147.00
1609592337, 0, 526, 1291, 1162, 206, 12.13%, 1, 77, 5, 106.65
1609592342, 0, 526, 1292, 1163, 206, 12.13%, 1, 77, 5, 77.20
1609592367, 0, 535, 1292, 1162, 205, 12.13%, 1, 77, 5, 152.42
1609592372, 0, 535, 1293, 1163, 205, 12.13%, 1, 77, 5, 160.08
1609592393, 0, 538, 1293, 1162, 204, 12.13%, 1, 77, 5, 174.48
1609592403, 0, 538, 1295, 1164, 204, 12.13%, 1, 77, 5, 230.06
1609592439, 0, 541, 1296, 1164, 202, 12.13%, 1, 77, 5, 135.51
1609592444, 0, 541, 1300, 1168, 202, 12.13%, 1, 77, 5, 151.61
1609592449, 0, 541, 1301, 1169, 202, 12.13%, 1, 77, 5, 28.99
1609592474, 0, 541, 1303, 1171, 202, 12.13%, 1, 77, 5, 136.68
1609592484, 0, 541, 1304, 1172, 202, 12.13%, 1, 77, 5, 143.55
1609592489, 0, 541, 1306, 1174, 202, 12.13%, 1, 77, 5, 119.57
1609592500, 0, 541, 1307, 1175, 202, 12.13%, 1, 77, 5, 137.25
1609592505, 0, 541, 1309, 1177, 202, 12.44%, 1, 77, 5, 136.69
1609592520, 0, 541, 1310, 1178, 202, 12.44%, 1, 77, 5, 135.64
1609592525, 0, 541, 1311, 1179, 202, 12.44%, 1, 77, 5, 139.65
1609592530, 0, 541, 1312, 1180, 202, 12.44%, 1, 77, 5, 136.83
1609592545, 0, 541, 1313, 1181, 202, 12.44%, 1, 77, 5, 134.65
1609592550, 0, 541, 1314, 1182, 202, 12.46%, 1, 77, 5, 143.43
1609592555, 0, 541, 1315, 1183, 202, 12.47%, 1, 77, 5, 135.03
1609592601, 0, 541, 1316, 1184, 202, 12.47%, 1, 77, 5, 140.63
1609592616, 0, 541, 1317, 1185, 202, 12.47%, 1, 77, 5, 135.05
1609592626, 0, 541, 1318, 1186, 202, 12.49%, 1, 77, 5, 128.66
1609592641, 0, 541, 1319, 1187, 202, 12.49%, 1, 77, 5, 133.47
1609592652, 0, 545, 1319, 1186, 205, 12.49%, 1, 77, 5, 224.95
1609592672, 0, 545, 1320, 1187, 205, 12.49%, 1, 77, 5, 193.96
1609592698, 0, 553, 1320, 1186, 204, 12.49%, 1, 77, 5, 138.37
1609592728, 0, 559, 1320, 1185, 203, 12.49%, 1, 77, 5, 146.11
1609592754, 0, 565, 1320, 1184, 202, 12.49%, 1, 77, 5, 174.55
1609592779, 0, 577, 1321, 1184, 201, 12.49%, 1, 77, 5, 106.65
1609592891, 0, 578, 1321, 1183, 200, 12.49%, 1, 77, 5, 28.59
1609592948, 0, 578, 1322, 1184, 200, 12.49%, 1, 77, 5, 151.44
1609592958, 0, 578, 1323, 1185, 200, 12.49%, 1, 77, 5, 140.48
1609592983, 0, 578, 1324, 1186, 200, 12.49%, 1, 77, 5, 125.32
1609593009, 0, 578, 1324, 1186, 200, 12.49%, 1, 78, 5, 118.37
1609593014, 0, 578, 1325, 1187, 200, 12.49%, 1, 78, 5, 118.36
1609593019, 0, 578, 1326, 1188, 200, 12.49%, 1, 78, 5, 118.05
1609593030, 0, 578, 1326, 1188, 200, 12.49%, 1, 79, 5, 4.65
1609593045, 0, 578, 1327, 1189, 200, 12.49%, 1, 79, 5, 117.96
1609593061, 0, 578, 1328, 1190, 200, 12.49%, 1, 79, 5, 123.24
1609593086, 0, 578, 1329, 1191, 200, 12.49%, 1, 79, 5, 123.76
1609593091, 0, 578, 1330, 1192, 200, 12.49%, 1, 79, 5, 124.12
1609593101, 0, 578, 1331, 1193, 200, 12.49%, 1, 79, 5, 133.91
1609593122, 0, 578, 1332, 1194, 200, 12.49%, 1, 79, 5, 119.15
1609593142, 0, 580, 1332, 1193, 199, 12.49%, 1, 79, 5, 157.69
1609593162, 0, 583, 1332, 1192, 198, 12.49%, 1, 79, 5, 169.63
1609593183, 0, 583, 1333, 1193, 198, 12.49%, 1, 79, 5, 164.53
1609593193, 0, 583, 1334, 1194, 198, 12.49%, 1, 79, 5, 159.62
1609593198, 0, 583, 1335, 1195, 198, 12.49%, 1, 79, 5, 161.51
1609593203, 0, 583, 1336, 1196, 198, 12.49%, 1, 79, 5, 168.37
1609593218, 0, 583, 1337, 1197, 198, 12.49%, 1, 79, 5, 170.88
1609593228, 0, 583, 1338, 1198, 198, 12.49%, 1, 79, 5, 149.53
1609593234, 0, 583, 1339, 1199, 198, 12.49%, 1, 79, 5, 147.29
1609593264, 0, 583, 1340, 1200, 198, 12.49%, 1, 79, 5, 153.46
1609593274, 0, 583, 1341, 1201, 198, 12.49%, 1, 79, 5, 144.12
1609593285, 0, 583, 1343, 1203, 198, 12.49%, 1, 79, 5, 156.90
1609593290, 0, 583, 1344, 1204, 198, 12.49%, 1, 79, 5, 160.81
1609593295, 0, 583, 1345, 1205, 198, 12.49%, 1, 79, 5, 182.68
1609593356, 0, 583, 1346, 1206, 198, 12.49%, 1, 79, 5, 162.49
1609593361, 0, 583, 1347, 1207, 198, 12.49%, 1, 79, 5, 164.44
1609593386, 0, 584, 1347, 1206, 197, 12.49%, 1, 79, 5, 163.32
1609593422, 0, 584, 1348, 1207, 197, 12.49%, 1, 79, 5, 172.93
1609593427, 0, 584, 1353, 1212, 197, 12.49%, 1, 79, 5, 166.38
1609593437, 0, 584, 1355, 1214, 197, 12.49%, 1, 79, 5, 148.55
1609593442, 0, 584, 1359, 1218, 197, 12.49%, 1, 79, 5, 150.64
1609593447, 0, 584, 1360, 1219, 197, 12.49%, 1, 79, 5, 143.10
1609593462, 0, 584, 1361, 1220, 197, 12.49%, 1, 79, 5, 151.81
1609593468, 0, 584, 1362, 1221, 197, 12.49%, 1, 79, 5, 156.44
1609593473, 0, 584, 1363, 1222, 197, 12.49%, 1, 79, 5, 156.13
1609593508, 0, 584, 1364, 1223, 197, 12.49%, 1, 79, 5, 148.20
1609593523, 0, 584, 1365, 1224, 197, 12.49%, 1, 79, 5, 161.19
1609593569, 0, 584, 1366, 1225, 197, 12.49%, 1, 79, 5, 153.47
1609593589, 0, 584, 1367, 1226, 197, 12.49%, 1, 79, 5, 157.60
1609593635, 0, 584, 1368, 1227, 197, 12.49%, 1, 79, 5, 156.86
1609593640, 0, 585, 1368, 1226, 197, 12.49%, 1, 79, 5, 152.38
1609593676, 0, 585, 1369, 1227, 197, 12.49%, 1, 79, 5, 164.16
1609593696, 0, 589, 1369, 1226, 196, 12.49%, 1, 79, 5, 153.15
1609593716, 0, 590, 1369, 1225, 195, 12.49%, 1, 79, 5, 147.32
1609593736, 0, 591, 1369, 1224, 194, 12.49%, 1, 79, 5, 155.39
1609593767, 0, 592, 1369, 1223, 193, 12.49%, 1, 79, 5, 164.28
1609593792, 0, 597, 1369, 1222, 192, 12.49%, 1, 79, 5, 160.69
1609593828, 0, 603, 1369, 1221, 191, 12.49%, 1, 79, 5, 145.77
1609593950, 0, 603, 1370, 1222, 191, 12.49%, 1, 79, 5, 143.53
1609593965, 0, 603, 1371, 1223, 191, 12.49%, 1, 79, 5, 142.10
1609593970, 0, 603, 1372, 1224, 191, 12.49%, 1, 79, 5, 144.19
1609593980, 0, 603, 1373, 1225, 191, 12.49%, 1, 79, 5, 148.08
1609593985, 0, 603, 1374, 1226, 191, 12.49%, 1, 79, 5, 143.69
1609594047, 0, 603, 1375, 1227, 191, 12.49%, 1, 79, 5, 143.47
1609594077, 0, 603, 1376, 1228, 191, 12.49%, 1, 79, 5, 145.50
1609594087, 0, 603, 1377, 1229, 191, 12.49%, 1, 79, 5, 138.54
1609594092, 0, 603, 1378, 1230, 191, 12.49%, 1, 79, 5, 144.77
1609594153, 0, 603, 1379, 1231, 191, 12.52%, 1, 79, 5, 136.32
1609594158, 0, 603, 1380, 1232, 191, 12.52%, 1, 79, 5, 153.16
1609594184, 0, 607, 1380, 1231, 193, 12.52%, 1, 79, 5, 138.92
1609594306, 0, 607, 1381, 1232, 193, 12.53%, 1, 79, 5, 138.46
1609594316, 0, 613, 1381, 1231, 193, 12.53%, 1, 79, 5, 155.95
1609594321, 0, 613, 1386, 1236, 193, 12.53%, 1, 79, 5, 240.74
1609594326, 0, 613, 1387, 1237, 193, 12.53%, 1, 79, 5, 229.90
1609594337, 0, 613, 1388, 1238, 193, 12.53%, 1, 79, 5, 213.64
1609594372, 0, 613, 1389, 1239, 193, 12.53%, 1, 79, 5, 285.80
1609594378, 0, 613, 1391, 1241, 193, 12.53%, 1, 79, 5, 251.99
1609594383, 0, 613, 1393, 1243, 193, 12.69%, 1, 79, 5, 199.87
1609594408, 0, 613, 1396, 1246, 193, 12.69%, 1, 79, 5, 205.06
1609594413, 0, 613, 1398, 1248, 193, 12.69%, 1, 79, 5, 154.30
1609594418, 0, 613, 1401, 1251, 193, 12.69%, 1, 79, 5, 155.75
1609594424, 0, 613, 1406, 1256, 193, 12.71%, 1, 79, 5, 156.06
1609594429, 0, 613, 1407, 1257, 193, 12.71%, 1, 79, 5, 160.14
1609594434, 0, 613, 1411, 1261, 193, 12.71%, 1, 79, 5, 166.11
1609594444, 0, 613, 1413, 1263, 193, 12.71%, 1, 79, 5, 167.90
1609594449, 0, 613, 1415, 1265, 193, 12.71%, 1, 79, 5, 169.26
1609594454, 0, 613, 1416, 1266, 193, 12.71%, 1, 79, 5, 156.33
1609594459, 0, 613, 1418, 1268, 193, 12.71%, 1, 79, 5, 159.43
1609594464, 0, 613, 1419, 1269, 193, 12.71%, 1, 79, 5, 164.90
1609594480, 0, 613, 1421, 1271, 193, 12.72%, 1, 79, 5, 167.38
1609594485, 0, 613, 1422, 1272, 193, 12.72%, 1, 79, 5, 164.45
1609594495, 0, 613, 1423, 1273, 193, 12.72%, 1, 79, 5, 163.08
1609594500, 0, 613, 1424, 1274, 193, 12.79%, 1, 79, 5, 154.29
1609594505, 0, 613, 1427, 1277, 193, 12.86%, 1, 79, 5, 157.13
1609594520, 0, 613, 1428, 1278, 193, 12.86%, 1, 79, 5, 150.01
1609594525, 0, 613, 1429, 1279, 193, 12.86%, 1, 79, 5, 157.77
1609594535, 0, 613, 1432, 1282, 193, 12.86%, 1, 79, 5, 161.94
1609594551, 0, 613, 1433, 1283, 193, 12.87%, 1, 79, 5, 171.73
1609594556, 0, 613, 1434, 1284, 193, 12.90%, 1, 79, 5, 158.85
1609594566, 0, 613, 1435, 1285, 193, 12.90%, 1, 79, 5, 169.69
1609594576, 0, 613, 1436, 1286, 193, 12.90%, 1, 79, 5, 165.38
1609594591, 0, 613, 1438, 1288, 193, 12.90%, 1, 79, 5, 168.29
1609594602, 0, 613, 1439, 1289, 193, 12.90%, 1, 79, 5, 162.05
1609594612, 0, 616, 1440, 1289, 208, 12.91%, 1, 79, 5, 166.51
1609594719, 0, 616, 1441, 1290, 208, 12.91%, 1, 79, 5, 185.99
1609594735, 0, 616, 1442, 1291, 208, 12.91%, 1, 79, 5, 155.33
1609594770, 0, 617, 1442, 1290, 208, 12.91%, 1, 79, 5, 156.24
1609594780, 0, 617, 1443, 1291, 208, 12.97%, 1, 79, 5, 277.05
1609594801, 0, 617, 1449, 1297, 208, 12.99%, 1, 79, 5, 190.55
1609594811, 0, 617, 1451, 1299, 208, 12.99%, 1, 79, 5, 176.64
1609594826, 0, 619, 1451, 1298, 211, 12.99%, 1, 79, 5, 143.63
1609594841, 0, 625, 1451, 1297, 210, 12.99%, 1, 79, 5, 143.66
1609594928, 0, 627, 1451, 1296, 209, 12.99%, 1, 79, 5, 172.01
1609594969, 0, 627, 1453, 1298, 209, 13.01%, 1, 79, 5, 299.52
1609594974, 0, 627, 1456, 1301, 209, 13.01%, 1, 79, 5, 304.60
1609594984, 0, 627, 1457, 1302, 209, 13.02%, 1, 79, 5, 217.80
1609595004, 0, 627, 1458, 1303, 209, 13.04%, 1, 79, 5, 256.01
1609595014, 0, 627, 1459, 1304, 209, 13.05%, 1, 79, 5, 196.44
1609595034, 0, 627, 1460, 1305, 209, 13.05%, 1, 79, 5, 228.11
1609595065, 0, 627, 1461, 1306, 209, 13.07%, 1, 79, 5, 187.25
1609595085, 0, 627, 1462, 1307, 209, 13.07%, 1, 79, 5, 205.70
1609595096, 0, 629, 1463, 1307, 218, 13.08%, 1, 79, 5, 258.42
1609595151, 0, 629, 1465, 1309, 218, 13.08%, 1, 79, 5, 212.86
1609595192, 0, 630, 1471, 1314, 220, 13.09%, 1, 79, 5, 184.31
1609595197, 0, 630, 1479, 1322, 220, 13.10%, 1, 79, 5, 151.18
1609595203, 0, 630, 1486, 1329, 220, 13.11%, 1, 79, 5, 28.06
1609595208, 0, 630, 1487, 1330, 220, 13.11%, 1, 79, 5, 166.10
1609595228, 0, 630, 1491, 1334, 220, 13.11%, 1, 79, 5, 144.83
1609595233, 0, 630, 1495, 1338, 220, 13.11%, 1, 79, 5, 160.09
1609595238, 0, 630, 1496, 1339, 220, 13.11%, 1, 79, 5, 145.98
1609595249, 0, 630, 1497, 1340, 220, 13.11%, 1, 79, 5, 158.79
1609595254, 0, 630, 1499, 1342, 220, 13.11%, 1, 79, 5, 170.05
1609595259, 0, 630, 1502, 1345, 220, 13.12%, 1, 79, 5, 160.96
1609595269, 0, 630, 1503, 1346, 220, 13.12%, 1, 79, 5, 142.86
1609595274, 0, 630, 1505, 1348, 220, 13.12%, 1, 79, 5, 156.93
1609595300, 0, 630, 1506, 1349, 220, 13.12%, 1, 79, 5, 154.76
1609595305, 0, 630, 1507, 1350, 220, 13.12%, 1, 79, 5, 150.47
1609595330, 0, 630, 1508, 1351, 220, 13.15%, 1, 79, 5, 145.90
1609595335, 0, 630, 1509, 1352, 220, 13.15%, 1, 79, 5, 155.80
1609595345, 0, 630, 1511, 1354, 220, 13.15%, 1, 79, 5, 153.63
1609595350, 0, 630, 1512, 1355, 220, 13.15%, 1, 79, 5, 141.06
1609595376, 0, 630, 1513, 1356, 220, 13.15%, 1, 79, 5, 207.92
1609595422, 0, 630, 1514, 1357, 220, 13.15%, 1, 79, 5, 152.36
1609595453, 0, 631, 1514, 1356, 227, 13.15%, 1, 79, 5, 175.26
1609595498, 0, 632, 1514, 1355, 226, 13.15%, 1, 79, 5, 192.32
1609595519, 0, 632, 1515, 1356, 226, 13.16%, 1, 79, 5, 205.55
1609595544, 0, 635, 1515, 1355, 226, 13.16%, 1, 79, 5, 202.80
1609595569, 0, 635, 1516, 1356, 226, 13.16%, 1, 79, 5, 244.70
1609595590, 0, 637, 1520, 1359, 226, 13.16%, 1, 79, 5, 164.71
1609595595, 0, 637, 1521, 1360, 226, 13.16%, 1, 79, 5, 196.95
1609595615, 0, 637, 1522, 1361, 226, 13.16%, 1, 79, 5, 177.80
1609595635, 0, 645, 1526, 1364, 225, 13.17%, 1, 79, 5, 207.38
1609595717, 0, 645, 1530, 1368, 225, 13.17%, 1, 79, 5, 180.28
1609595727, 0, 645, 1531, 1369, 225, 13.17%, 1, 79, 5, 160.87
1609595732, 0, 645, 1532, 1370, 225, 13.17%, 1, 79, 5, 170.36
1609595742, 0, 645, 1533, 1371, 225, 13.17%, 1, 79, 5, 169.24
1609595753, 0, 645, 1535, 1373, 225, 13.17%, 1, 79, 5, 162.06
1609595773, 0, 645, 1536, 1374, 225, 13.17%, 1, 79, 5, 173.19
1609595778, 0, 645, 1537, 1375, 225, 13.17%, 1, 79, 5, 163.41
1609595783, 0, 645, 1538, 1376, 225, 13.17%, 1, 79, 5, 160.59
1609595803, 0, 645, 1539, 1377, 225, 13.17%, 1, 79, 5, 177.55
1609595819, 0, 645, 1540, 1378, 225, 13.17%, 1, 79, 5, 164.97
1609595829, 0, 645, 1541, 1379, 225, 13.18%, 1, 79, 5, 180.00
1609595864, 0, 646, 1541, 1378, 229, 13.18%, 1, 80, 5, 108.65
1609595870, 0, 646, 1543, 1380, 229, 13.19%, 1, 80, 5, 89.93
1609595885, 0, 646, 1544, 1381, 229, 13.19%, 1, 80, 5, 82.42
1609595890, 0, 646, 1545, 1382, 229, 13.19%, 1, 80, 5, 88.32
1609595900, 0, 646, 1546, 1383, 229, 13.20%, 1, 80, 5, 87.71
1609595926, 0, 646, 1557, 1394, 229, 13.21%, 1, 80, 5, 108.71
1609596167, 0, 646, 1559, 1396, 229, 13.21%, 1, 80, 5, 113.00
1609596172, 0, 646, 1560, 1397, 229, 13.21%, 1, 80, 5, 106.99
1609596193, 0, 646, 1561, 1398, 229, 13.21%, 1, 80, 5, 129.39
1609596223, 0, 646, 1563, 1400, 229, 13.21%, 1, 80, 5, 131.18
1609596274, 0, 646, 1564, 1401, 229, 13.21%, 1, 80, 5, 121.39
1609596361, 0, 648, 1572, 1408, 242, 13.24%, 2, 80, 5, 6.82
1609596366, 0, 648, 1587, 1423, 242, 13.26%, 2, 81, 5, 89.67
1609596371, 0, 648, 1590, 1426, 242, 13.26%, 2, 81, 5, 85.43
1609596376, 0, 648, 1621, 1457, 242, 13.26%, 2, 81, 5, 87.21
1609596381, 0, 648, 1624, 1460, 242, 13.26%, 2, 81, 5, 92.86
1609596386, 0, 648, 1633, 1469, 242, 13.26%, 2, 81, 5, 89.32
1609596391, 0, 648, 1637, 1473, 242, 13.27%, 2, 81, 5, 95.99
1609596396, 0, 648, 1648, 1484, 242, 13.27%, 2, 81, 5, 84.04
1609596402, 0, 648, 1654, 1490, 242, 13.27%, 2, 81, 5, 100.27
1609596407, 0, 648, 1677, 1513, 242, 13.28%, 2, 81, 5, 21.81
1609596412, 0, 648, 1690, 1526, 242, 13.28%, 2, 81, 5, 31.89
1609596417, 0, 648, 1695, 1531, 242, 13.33%, 2, 81, 5, 85.28
1609596427, 0, 648, 1699, 1535, 242, 13.34%, 2, 81, 5, 116.46
1609596468, 0, 648, 1700, 1536, 242, 13.34%, 2, 81, 5, 69.06
1609596473, 0, 648, 1704, 1540, 242, 13.34%, 2, 81, 5, 80.11
1609596484, 0, 648, 1705, 1541, 242, 13.34%, 2, 81, 5, 66.60
1609596489, 0, 648, 1708, 1544, 242, 13.34%, 2, 81, 5, 61.67
1609596545, 0, 648, 1711, 1547, 242, 13.34%, 2, 81, 5, 78.60
1609596550, 0, 648, 1713, 1549, 242, 13.34%, 2, 81, 5, 81.63
1609596607, 0, 648, 1714, 1550, 242, 13.34%, 2, 81, 5, 73.49
1609596622, 0, 648, 1722, 1558, 242, 13.34%, 2, 81, 5, 104.83
1609596627, 0, 648, 1723, 1559, 242, 13.34%, 2, 81, 5, 95.99
1609596632, 0, 648, 1724, 1560, 242, 13.34%, 2, 81, 5, 96.55
1609596653, 0, 648, 1725, 1561, 242, 13.34%, 2, 81, 5, 84.46
1609596658, 0, 648, 1726, 1562, 242, 13.34%, 3, 81, 5, 26.72
1609596668, 0, 648, 1727, 1563, 242, 13.34%, 3, 81, 5, 99.11
1609596673, 0, 648, 1732, 1568, 242, 13.34%, 3, 81, 5, 118.85
1609596678, 0, 648, 1736, 1572, 242, 13.35%, 3, 81, 5, 128.68
1609596684, 0, 648, 1743, 1579, 242, 13.36%, 3, 81, 5, 128.28
1609596689, 0, 648, 1747, 1583, 242, 13.36%, 3, 81, 5, 128.65
1609596694, 0, 648, 1754, 1590, 242, 13.36%, 3, 81, 5, 131.48
1609596699, 0, 648, 1757, 1593, 242, 13.36%, 3, 81, 5, 144.37
1609596704, 0, 648, 1762, 1598, 242, 13.37%, 3, 81, 5, 139.81
1609596709, 0, 648, 1768, 1604, 242, 13.37%, 3, 81, 5, 142.50
1609596714, 0, 648, 1770, 1606, 242, 13.37%, 3, 81, 5, 129.86
1609596719, 0, 648, 1773, 1609, 242, 13.37%, 3, 81, 5, 185.57
1609596724, 0, 648, 1774, 1610, 242, 13.37%, 3, 81, 5, 139.69
1609596729, 0, 648, 1776, 1612, 242, 13.37%, 4, 81, 5, 128.86
1609596734, 0, 648, 1778, 1614, 242, 13.37%, 4, 81, 5, 141.80
1609596744, 0, 648, 1780, 1616, 242, 13.38%, 4, 81, 5, 131.64
1609596759, 0, 648, 1781, 1617, 242, 13.38%, 4, 81, 5, 136.28
1609596764, 0, 648, 1782, 1618, 242, 13.38%, 4, 81, 5, 138.76
1609596775, 0, 648, 1784, 1620, 242, 13.38%, 4, 81, 5, 135.16
1609596780, 0, 648, 1785, 1621, 242, 13.38%, 4, 81, 5, 128.43
1609596785, 0, 648, 1786, 1622, 242, 13.38%, 4, 81, 5, 138.63
1609596790, 0, 648, 1788, 1624, 242, 13.38%, 4, 81, 5, 137.77
1609596795, 0, 648, 1789, 1625, 242, 13.38%, 4, 81, 5, 132.01
1609596800, 0, 648, 1791, 1627, 242, 13.38%, 4, 81, 5, 145.90
1609596805, 0, 648, 1792, 1628, 242, 13.38%, 4, 81, 5, 136.49
1609596810, 0, 648, 1794, 1630, 242, 13.38%, 4, 81, 5, 135.90
1609596815, 0, 648, 1797, 1633, 242, 13.38%, 4, 81, 5, 129.41
1609596820, 0, 648, 1798, 1634, 242, 13.38%, 4, 81, 5, 140.24
1609596825, 0, 648, 1799, 1635, 242, 13.39%, 4, 81, 5, 132.75
1609596830, 0, 648, 1801, 1637, 242, 13.39%, 4, 81, 5, 138.51
1609596840, 0, 648, 1802, 1638, 242, 13.39%, 4, 81, 5, 143.47
1609596851, 0, 648, 1805, 1641, 242, 13.39%, 4, 81, 5, 135.23
1609596856, 0, 648, 1806, 1642, 242, 13.39%, 4, 81, 5, 141.39
1609596861, 0, 648, 1808, 1644, 242, 13.39%, 4, 81, 5, 132.30
1609596866, 0, 648, 1811, 1647, 242, 13.39%, 4, 81, 5, 150.54
1609596871, 0, 648, 1813, 1649, 242, 13.39%, 4, 81, 5, 134.95
1609596876, 0, 648, 1815, 1651, 242, 13.39%, 4, 81, 5, 136.56
1609596886, 0, 648, 1818, 1654, 242, 13.39%, 4, 81, 5, 139.37
1609596897, 0, 648, 1819, 1655, 242, 13.39%, 4, 81, 5, 144.04
1609596902, 0, 648, 1820, 1656, 242, 13.39%, 4, 81, 5, 139.18
1609596907, 0, 648, 1821, 1657, 242, 13.40%, 4, 81, 5, 131.21
1609596912, 0, 648, 1823, 1659, 242, 13.40%, 4, 81, 5, 126.66
1609596922, 0, 652, 1831, 1666, 281, 13.40%, 4, 81, 5, 147.46
1609596927, 0, 652, 1840, 1675, 281, 13.40%, 4, 81, 5, 153.16
1609596932, 0, 652, 1844, 1679, 281, 13.40%, 4, 81, 5, 157.44
1609596937, 0, 652, 1848, 1683, 281, 13.40%, 4, 81, 5, 238.54
1609596942, 0, 652, 1849, 1684, 281, 13.42%, 4, 81, 5, 189.25
1609596973, 0, 652, 1850, 1685, 281, 13.42%, 4, 81, 5, 168.87
1609596993, 0, 652, 1853, 1688, 281, 13.42%, 4, 81, 5, 153.04
1609597003, 0, 652, 1854, 1689, 281, 13.42%, 4, 81, 5, 182.62
1609597009, 0, 652, 1857, 1692, 281, 13.42%, 4, 81, 5, 164.27
1609597019, 0, 652, 1858, 1693, 281, 13.42%, 4, 81, 5, 171.95
1609597029, 0, 652, 1860, 1695, 281, 13.42%, 4, 81, 5, 156.04
1609597034, 0, 652, 1861, 1696, 281, 13.42%, 4, 81, 5, 162.85
1609597039, 0, 652, 1863, 1698, 281, 13.42%, 4, 81, 5, 159.26
1609597044, 0, 652, 1864, 1699, 281, 13.42%, 4, 81, 5, 164.13
1609597049, 0, 652, 1865, 1700, 281, 13.42%, 4, 81, 5, 164.97
1609597070, 0, 652, 1866, 1701, 281, 13.42%, 4, 81, 5, 165.67
1609597085, 0, 652, 1867, 1702, 281, 13.42%, 4, 81, 5, 160.51
1609597095, 0, 652, 1868, 1703, 281, 13.42%, 4, 81, 5, 158.65
1609597110, 0, 652, 1870, 1705, 281, 13.42%, 4, 81, 5, 161.99
1609597115, 0, 652, 1872, 1707, 281, 13.42%, 4, 81, 5, 176.12
1609597121, 0, 652, 1873, 1708, 281, 13.42%, 4, 81, 5, 160.36
1609597131, 0, 652, 1875, 1710, 281, 13.42%, 4, 81, 5, 163.43
1609597146, 0, 652, 1876, 1711, 281, 13.42%, 4, 81, 5, 165.95
1609597151, 0, 652, 1877, 1712, 281, 13.42%, 4, 81, 5, 157.99
1609597192, 0, 652, 1878, 1713, 281, 13.42%, 4, 81, 5, 158.58
1609597207, 0, 660, 1879, 1713, 282, 13.42%, 4, 81, 5, 141.89
1609597243, 0, 660, 1880, 1714, 282, 13.42%, 4, 81, 5, 157.97
1609597264, 0, 662, 1888, 1721, 281, 13.43%, 4, 81, 5, 161.40
1609597269, 0, 662, 1893, 1726, 281, 13.43%, 4, 81, 5, 170.54
1609597274, 0, 662, 1896, 1729, 281, 13.44%, 4, 81, 5, 164.72
1609597279, 0, 662, 1898, 1731, 281, 13.44%, 4, 81, 5, 165.07
1609597284, 0, 662, 1909, 1742, 281, 13.46%, 4, 81, 5, 179.10
1609597314, 0, 662, 1910, 1743, 281, 13.46%, 4, 81, 5, 257.15
1609597401, 0, 662, 1911, 1744, 281, 13.46%, 4, 81, 5, 161.31
1609597441, 0, 662, 1912, 1745, 281, 13.46%, 4, 81, 5, 153.81
1609597462, 0, 662, 1913, 1746, 281, 13.46%, 4, 81, 5, 143.17
1609597467, 0, 662, 1914, 1747, 281, 13.46%, 4, 81, 5, 137.25
1609597472, 0, 662, 1915, 1748, 281, 13.46%, 4, 81, 5, 142.77
1609597487, 0, 662, 1916, 1749, 281, 13.46%, 4, 81, 5, 148.38
1609597502, 0, 662, 1917, 1750, 281, 13.46%, 4, 81, 5, 152.71
1609597512, 0, 662, 1918, 1751, 281, 13.46%, 4, 81, 5, 152.53
1609597538, 0, 662, 1919, 1752, 281, 13.47%, 4, 81, 5, 118.92
1609597543, 0, 662, 1921, 1754, 281, 13.47%, 4, 81, 5, 144.74
1609597553, 0, 662, 1922, 1755, 281, 13.47%, 4, 81, 5, 156.80
1609597569, 0, 662, 1924, 1757, 281, 13.47%, 4, 81, 5, 154.63
1609597574, 0, 673, 1924, 1756, 294, 13.47%, 4, 81, 5, 149.92
1609597579, 0, 673, 1925, 1757, 294, 13.47%, 4, 81, 5, 154.38
1609597609, 0, 673, 1926, 1758, 294, 13.47%, 4, 81, 5, 152.11
1609597629, 0, 683, 1931, 1762, 293, 13.47%, 4, 81, 5, 157.63
1609597635, 0, 683, 1932, 1763, 293, 13.47%, 4, 81, 5, 180.61
1609597655, 0, 683, 1933, 1764, 293, 13.47%, 4, 81, 5, 152.33
1609597675, 0, 684, 1936, 1766, 293, 13.47%, 4, 81, 5, 170.91
1609597711, 0, 684, 1937, 1767, 293, 13.47%, 4, 81, 5, 131.88
1609597753, 0, 694, 1937, 1766, 292, 13.47%, 4, 81, 5, 0.21
1609597758, 0, 694, 1940, 1769, 292, 13.48%, 4, 81, 5, 39.23
1609597764, 0, 694, 1941, 1770, 292, 13.48%, 4, 81, 5, 43.35
1609597774, 0, 694, 1943, 1772, 292, 13.48%, 4, 81, 5, 48.00
1609597815, 0, 694, 1944, 1773, 292, 13.48%, 4, 81, 5, 19.37
1609597820, 0, 694, 1945, 1774, 292, 13.48%, 4, 81, 5, 34.69
1609597855, 0, 700, 1948, 1776, 295, 13.48%, 4, 81, 5, 130.98
1609597861, 0, 700, 1951, 1779, 295, 13.48%, 4, 81, 5, 161.12
1609597881, 0, 700, 1952, 1780, 295, 13.48%, 4, 81, 5, 130.30
1609597911, 0, 700, 1953, 1781, 295, 13.48%, 4, 81, 5, 164.21
1609597932, 0, 710, 1960, 1787, 295, 13.48%, 4, 81, 5, 116.91
1609597937, 0, 710, 1961, 1788, 295, 13.48%, 4, 81, 5, 4.60
1609597952, 0, 710, 1962, 1789, 295, 13.49%, 4, 81, 5, 137.61
1609597988, 0, 713, 1962, 1788, 295, 13.49%, 4, 81, 5, 151.21
1609597998, 0, 713, 1963, 1789, 295, 13.49%, 4, 81, 5, 214.10
1609598039, 0, 727, 1964, 1789, 295, 13.49%, 4, 81, 5, 146.16
1609598044, 0, 727, 1965, 1790, 295, 13.49%, 4, 81, 5, 132.08
1609598049, 0, 727, 1967, 1792, 295, 13.49%, 4, 81, 5, 153.90
1609598059, 0, 727, 1968, 1793, 295, 13.49%, 4, 81, 5, 145.03
1609598064, 0, 727, 1971, 1796, 295, 13.49%, 4, 81, 5, 113.67
1609598070, 0, 727, 1972, 1797, 295, 13.49%, 4, 81, 5, 107.05
1609598090, 0, 727, 1973, 1798, 295, 13.49%, 4, 81, 5, 147.03
1609598095, 0, 727, 1974, 1799, 295, 13.49%, 4, 81, 5, 146.59
1609598120, 0, 727, 1975, 1800, 295, 13.49%, 4, 81, 5, 169.35
1609598156, 0, 727, 1976, 1801, 295, 13.49%, 4, 81, 5, 154.97
1609598182, 0, 727, 1977, 1802, 295, 13.49%, 4, 81, 5, 23.67
1609598237, 0, 731, 1977, 1801, 295, 13.49%, 4, 81, 5, 189.23
1609598258, 0, 732, 1985, 1808, 294, 13.57%, 4, 83, 6, 111.11
1609598263, 0, 732, 1992, 1815, 294, 13.62%, 4, 83, 6, 84.30
1609598268, 0, 732, 1999, 1822, 294, 13.63%, 4, 83, 6, 80.31
1609598288, 0, 732, 2001, 1824, 294, 13.63%, 4, 84, 6, 139.34
1609598293, 0, 732, 2003, 1826, 294, 13.63%, 4, 84, 6, 148.67
1609598298, 0, 732, 2006, 1829, 294, 13.64%, 4, 84, 6, 147.05
1609598303, 0, 732, 2008, 1831, 294, 13.64%, 4, 84, 6, 152.09
1609598309, 0, 732, 2009, 1832, 294, 13.64%, 4, 84, 6, 148.81
1609598314, 0, 732, 2011, 1834, 294, 13.64%, 4, 84, 6, 144.09
1609598329, 0, 732, 2011, 1834, 294, 13.64%, 4, 85, 6, 214.70
1609598339, 0, 732, 2013, 1836, 294, 13.64%, 4, 85, 6, 154.01
1609598344, 0, 732, 2014, 1837, 294, 13.64%, 4, 85, 6, 150.34
1609598349, 0, 732, 2015, 1838, 294, 13.64%, 4, 85, 6, 149.81
1609598354, 0, 732, 2018, 1841, 294, 13.64%, 4, 85, 6, 201.97
1609598364, 0, 732, 2020, 1843, 294, 13.64%, 4, 85, 6, 131.81
1609598369, 0, 732, 2021, 1844, 294, 13.64%, 4, 85, 6, 21.90
1609598379, 0, 732, 2023, 1846, 294, 13.65%, 4, 85, 6, 132.15
1609598384, 0, 732, 2024, 1847, 294, 13.65%, 4, 85, 6, 119.24
1609598390, 0, 732, 2025, 1848, 294, 13.65%, 4, 85, 6, 127.87
1609598400, 0, 732, 2026, 1849, 294, 13.65%, 4, 85, 6, 134.90
1609598410, 0, 732, 2026, 1849, 294, 13.65%, 4, 86, 6, 130.66
1609598415, 0, 732, 2029, 1852, 294, 13.65%, 4, 86, 6, 132.02
1609598425, 0, 732, 2030, 1853, 294, 13.65%, 4, 86, 6, 144.99
1609598430, 0, 732, 2031, 1854, 294, 13.65%, 4, 86, 6, 134.81
1609598435, 0, 732, 2032, 1855, 294, 13.65%, 4, 86, 6, 135.66
1609598446, 0, 732, 2033, 1856, 294, 13.65%, 4, 86, 6, 142.28
1609598451, 0, 732, 2034, 1857, 294, 13.65%, 4, 86, 6, 168.24
1609598456, 0, 732, 2036, 1859, 294, 13.66%, 4, 86, 6, 151.58
1609598466, 0, 732, 2037, 1860, 294, 13.66%, 4, 86, 6, 139.87
1609598482, 0, 735, 2053, 1875, 320, 13.70%, 4, 86, 6, 105.12
1609598487, 0, 735, 2058, 1880, 320, 13.71%, 4, 86, 6, 114.99
1609598492, 0, 735, 2060, 1882, 320, 13.71%, 4, 86, 6, 88.28
1609598503, 0, 735, 2066, 1888, 320, 13.72%, 4, 86, 6, 15.98
1609598508, 0, 735, 2068, 1890, 320, 13.72%, 4, 86, 6, 140.91
1609598513, 0, 735, 2070, 1892, 320, 13.72%, 4, 86, 6, 138.56
1609598532, 0, 735, 2070, 1892, 320, 13.72%, 4, 87, 6, 134.69
1609598537, 0, 736, 2076, 1897, 338, 13.74%, 4, 87, 6, 149.24
1609598563, 0, 736, 2078, 1899, 338, 13.74%, 4, 87, 6, 135.38
1609598573, 0, 736, 2079, 1900, 338, 13.74%, 4, 87, 6, 120.78
1609598583, 0, 736, 2080, 1901, 338, 13.74%, 4, 87, 6, 137.25
1609598588, 0, 736, 2081, 1902, 338, 13.74%, 4, 87, 6, 136.30
1609598614, 0, 736, 2082, 1903, 338, 13.74%, 4, 87, 6, 149.01
1609598619, 0, 736, 2083, 1904, 338, 13.74%, 4, 87, 6, 150.74
1609598650, 0, 736, 2086, 1907, 338, 13.75%, 4, 87, 6, 148.44
1609598665, 0, 736, 2087, 1908, 338, 13.75%, 4, 87, 6, 133.21
1609598685, 0, 736, 2088, 1909, 338, 13.75%, 4, 87, 6, 129.99
1609598701, 0, 736, 2089, 1910, 338, 13.76%, 4, 87, 6, 131.72
1609598706, 0, 736, 2090, 1911, 338, 13.76%, 4, 87, 6, 144.33
1609598731, 0, 736, 2091, 1912, 338, 13.76%, 4, 87, 6, 136.05
1609598736, 0, 736, 2093, 1914, 338, 13.76%, 4, 87, 6, 131.42
1609598751, 0, 736, 2094, 1915, 338, 13.76%, 4, 87, 6, 146.36
1609598777, 0, 736, 2095, 1916, 338, 13.76%, 4, 87, 6, 131.83
1609598787, 0, 736, 2096, 1917, 338, 13.76%, 4, 87, 6, 139.53
1609598802, 0, 737, 2098, 1918, 343, 13.76%, 4, 87, 6, 24.73
1609598828, 0, 737, 2099, 1919, 343, 13.76%, 4, 87, 6, 148.06
1609598833, 0, 737, 2101, 1921, 343, 13.76%, 4, 87, 6, 135.23
1609598838, 0, 737, 2102, 1922, 343, 13.76%, 4, 87, 6, 142.09
1609598843, 0, 737, 2104, 1924, 343, 13.76%, 4, 87, 6, 26.69
1609598853, 0, 737, 2105, 1925, 343, 13.76%, 4, 87, 6, 140.48
1609598864, 0, 737, 2107, 1927, 343, 13.76%, 4, 87, 6, 126.80
1609598879, 0, 737, 2109, 1929, 343, 13.76%, 4, 87, 6, 140.25
1609598884, 0, 737, 2110, 1930, 343, 13.76%, 4, 87, 6, 137.36
1609598909, 0, 737, 2112, 1932, 343, 13.76%, 4, 87, 6, 141.79
1609598925, 0, 737, 2114, 1934, 343, 13.77%, 4, 87, 6, 145.10
1609598935, 0, 737, 2115, 1935, 343, 13.77%, 4, 87, 6, 146.83
1609598940, 0, 737, 2116, 1936, 343, 13.77%, 4, 87, 6, 134.36
1609598980, 0, 737, 2117, 1937, 343, 13.77%, 4, 87, 6, 148.98
1609599006, 0, 737, 2118, 1938, 343, 13.77%, 4, 87, 6, 133.35
1609599016, 0, 737, 2119, 1939, 343, 13.77%, 4, 87, 6, 124.96
1609599031, 0, 737, 2120, 1940, 343, 13.77%, 4, 87, 6, 136.63
1609599036, 0, 737, 2121, 1941, 343, 13.77%, 4, 87, 6, 144.17
1609599072, 0, 744, 2121, 1940, 343, 13.77%, 4, 87, 6, 135.68
1609599107, 0, 744, 2122, 1941, 343, 13.77%, 4, 87, 6, 109.08
1609599112, 0, 744, 2125, 1944, 343, 13.77%, 4, 87, 6, 132.07
1609599117, 0, 744, 2127, 1946, 343, 13.77%, 4, 87, 6, 167.37
1609599128, 0, 744, 2128, 1947, 343, 13.77%, 4, 87, 6, 137.66
1609599148, 0, 747, 2131, 1949, 340, 13.82%, 4, 87, 6, 108.02
1609599174, 0, 747, 2133, 1951, 340, 13.83%, 4, 87, 6, 99.11
1609599184, 0, 747, 2136, 1954, 340, 13.83%, 4, 87, 6, 116.52
1609599209, 0, 747, 2137, 1955, 340, 13.83%, 4, 87, 6, 115.68
1609599214, 0, 747, 2138, 1956, 340, 13.83%, 4, 87, 6, 132.37
1609599219, 0, 747, 2139, 1957, 340, 13.83%, 4, 87, 6, 125.99
1609599230, 0, 747, 2141, 1959, 340, 13.84%, 4, 87, 6, 134.82
1609599235, 0, 747, 2142, 1960, 340, 13.84%, 4, 87, 6, 139.42
1609599250, 0, 747, 2144, 1962, 340, 13.84%, 4, 87, 6, 139.22
1609599255, 0, 747, 2145, 1963, 340, 13.84%, 4, 87, 6, 134.95
1609599260, 0, 747, 2147, 1965, 340, 13.84%, 4, 87, 6, 135.49
1609599265, 0, 747, 2148, 1966, 340, 13.84%, 4, 87, 6, 136.90
1609599296, 0, 747, 2149, 1967, 340, 13.85%, 4, 87, 6, 137.64
1609599301, 0, 747, 2150, 1968, 340, 13.85%, 4, 87, 6, 141.58
1609599306, 0, 747, 2151, 1969, 340, 13.85%, 4, 87, 6, 140.12
1609599311, 0, 747, 2152, 1970, 340, 13.85%, 4, 87, 6, 125.92
1609599352, 0, 747, 2153, 1971, 340, 13.85%, 4, 87, 6, 123.24
1609599423, 0, 747, 2154, 1972, 340, 13.85%, 4, 87, 6, 136.15
1609599453, 0, 751, 2154, 1971, 358, 13.85%, 4, 87, 6, 122.17
1609599530, 0, 753, 2154, 1970, 357, 13.85%, 4, 87, 6, 105.31
1609599535, 0, 753, 2155, 1971, 357, 13.85%, 4, 87, 6, 84.20
1609599607, 0, 759, 2162, 1977, 356, 13.85%, 4, 87, 6, 130.84
1609599612, 0, 759, 2168, 1983, 356, 13.88%, 4, 87, 6, 124.04
1609599622, 0, 759, 2174, 1989, 356, 13.88%, 4, 87, 6, 121.37
1609599673, 0, 761, 2176, 1990, 358, 13.88%, 4, 87, 6, 109.89
1609599678, 0, 761, 2177, 1991, 358, 13.89%, 4, 87, 6, 118.44
1609599709, 0, 761, 2178, 1992, 358, 13.89%, 4, 87, 6, 123.79
1609599734, 0, 761, 2179, 1993, 358, 13.89%, 4, 87, 6, 121.65
1609599765, 0, 766, 2179, 1992, 357, 13.89%, 4, 87, 6, 150.16
1609599815, 0, 770, 2179, 1991, 356, 13.89%, 4, 87, 6, 190.31
1609599836, 0, 770, 2182, 1994, 356, 13.89%, 4, 87, 6, 204.11
1609599846, 0, 770, 2183, 1995, 356, 13.89%, 4, 87, 6, 202.15
1609599856, 0, 770, 2185, 1997, 356, 13.89%, 4, 87, 6, 169.49
1609599866, 0, 770, 2186, 1998, 356, 13.89%, 4, 87, 6, 146.30
1609599871, 0, 770, 2187, 1999, 356, 13.89%, 4, 87, 6, 195.09
1609599877, 0, 770, 2192, 2004, 356, 13.89%, 4, 87, 6, 179.87
1609599882, 0, 770, 2193, 2005, 356, 13.89%, 4, 87, 6, 169.78
1609599917, 0, 770, 2194, 2006, 356, 13.89%, 4, 87, 6, 168.54
1609599922, 0, 770, 2195, 2007, 356, 13.89%, 4, 87, 6, 204.66
1609599963, 0, 770, 2196, 2008, 356, 13.89%, 4, 87, 6, 147.14
1609599973, 0, 781, 2196, 2007, 355, 13.89%, 4, 87, 6, 220.88
1609600014, 0, 781, 2197, 2008, 355, 13.89%, 4, 87, 6, 191.52
1609600019, 0, 781, 2198, 2009, 355, 13.89%, 4, 87, 6, 175.94
1609600039, 0, 781, 2199, 2010, 355, 13.89%, 4, 87, 6, 168.13
1609600050, 0, 781, 2200, 2011, 355, 13.89%, 4, 87, 6, 165.70
1609600090, 0, 781, 2201, 2012, 355, 13.89%, 4, 87, 6, 174.75
1609600136, 0, 795, 2201, 2011, 354, 13.89%, 4, 87, 6, 240.75
1609600157, 0, 795, 2202, 2012, 354, 13.89%, 4, 87, 6, 230.02
1609600162, 0, 795, 2205, 2015, 354, 13.89%, 4, 87, 6, 176.54
1609600167, 0, 795, 2206, 2016, 354, 13.89%, 4, 87, 6, 161.09
1609600198, 0, 795, 2207, 2017, 354, 13.89%, 4, 87, 6, 176.99
1609600203, 0, 795, 2208, 2018, 354, 13.89%, 4, 87, 6, 226.11
1609600208, 0, 795, 2209, 2019, 354, 13.89%, 4, 87, 6, 186.04
1609600213, 0, 795, 2210, 2020, 354, 13.89%, 4, 87, 6, 215.12
1609600233, 0, 795, 2211, 2021, 354, 13.89%, 4, 87, 6, 197.14
1609600254, 0, 795, 2212, 2022, 354, 13.89%, 4, 87, 6, 182.76
1609600259, 0, 795, 2213, 2023, 354, 13.90%, 4, 87, 6, 168.41
1609600279, 0, 795, 2214, 2024, 354, 13.90%, 4, 87, 6, 184.28
1609600289, 0, 799, 2216, 2025, 354, 13.90%, 4, 87, 6, 29.41
1609600335, 0, 799, 2217, 2026, 354, 13.91%, 4, 87, 6, 61.05
1609600376, 0, 802, 2217, 2025, 355, 13.91%, 4, 87, 6, 81.94
1609600457, 0, 803, 2217, 2024, 354, 13.91%, 4, 87, 6, 34.46
1609600539, 0, 805, 2217, 2023, 353, 13.91%, 4, 87, 6, 129.50
1609600570, 0, 805, 2218, 2024, 353, 13.91%, 4, 87, 6, 221.83
1609600575, 0, 805, 2218, 2024, 353, 13.91%, 4, 88, 6, 108.39
1609600585, 0, 805, 2223, 2029, 353, 13.93%, 4, 88, 6, 116.34
1609600591, 0, 805, 2224, 2030, 353, 13.93%, 4, 88, 6, 132.08
1609600596, 0, 805, 2226, 2032, 353, 13.93%, 4, 88, 6, 118.04
1609600601, 0, 805, 2227, 2033, 353, 13.93%, 4, 88, 6, 133.33
1609600611, 0, 805, 2228, 2034, 353, 13.93%, 4, 88, 6, 119.37
1609600631, 0, 805, 2229, 2035, 353, 13.93%, 4, 88, 6, 122.94
1609600641, 0, 805, 2229, 2035, 353, 13.93%, 4, 89, 6, 106.29
1609600646, 0, 805, 2230, 2036, 353, 13.93%, 4, 89, 6, 116.25
1609600662, 0, 805, 2231, 2037, 353, 13.93%, 4, 89, 6, 120.70
