# unix_time, cycles_done, cur_path, paths_total, pending_total, pending_favs, map_size, unique_crashes, unique_hangs, max_depth, execs_per_sec
1608938796, 0, 0, 3, 3, 1, 1.81%, 0, 0, 1, 176.47
1608938801, 0, 1, 3, 3, 1, 1.81%, 0, 0, 1, 238.82
1608938806, 0, 2, 3, 2, 0, 1.81%, 0, 0, 1, 224.24
1608938811, 1, 0, 3, 1, 0, 1.81%, 0, 0, 1, 212.49
1608938822, 2, 2, 3, 0, 0, 1.81%, 0, 0, 1, 229.27
1608938827, 4, 0, 3, 0, 0, 1.81%, 0, 0, 1, 234.39
1608938832, 5, 2, 3, 0, 0, 1.81%, 0, 0, 1, 229.98
1608938837, 7, 1, 3, 0, 0, 1.81%, 0, 0, 1, 242.41
1608938842, 9, 0, 3, 0, 0, 1.81%, 0, 0, 1, 248.49
